1.0
3.469446951953614e-18
0.4077311221688491
1.3183898417423734e-16
0.10439887035857832
-2.351514045213005e-17
0.10938006966813663
1.0
1.0
1.0
1.0
1.0
1.0
3.469446951953614e-18
3.469446951953614e-18
3.469446951953614e-18
3.469446951953614e-18
3.469446951953614e-18
0.4077311221688491
0.4077311221688491
0.4077311221688491
0.4077311221688491
3.262272337447336
3.262272337447336
3.262272337447336
1454.334740998294
1454.334740998294
-55986150.03649154
1.0
1.0
1.0
1.0
1.0
1.0
3.469446951953614e-18
3.469446951953614e-18
3.469446951953614e-18
3.469446951953614e-18
3.469446951953614e-18
0.4077311221688491
0.4077311221688491
0.4077311221688491
0.4077311221688491
3.262272337447336
3.262272337447336
3.262272337447336
1454.334740998294
1454.334740998294
-55986150.03649154
0.059643892249997305
0.059643892249997305
0.059643892249997305
0.059643892249997305
0.059643892249997305
-0.040167019984078615
-0.040167019984078615
-0.040167019984078615
-0.040167019984078615
1.3183898417423734e-16
1.3183898417423734e-16
1.3183898417423734e-16
2.327548212932376
2.327548212932376
-112901.14473960534
0.20830843903048715
0.20830843903048715
0.20830843903048715
0.20830843903048715
1.0907907346483134
1.0907907346483134
1.0907907346483134
408.1194245949608
408.1194245949608
-15684157.358787868
58.26097748593557
58.26097748593557
58.26097748593557
40493.655799686865
40493.655799686865
-1587429892.5728672
36377871.08739738
36377871.08739738
-1432294531134.544
5.640197908777667e+16
1.0
1.0
1.0
1.0
1.0
1.0
3.469446951953614e-18
3.469446951953614e-18
3.469446951953614e-18
3.469446951953614e-18
3.469446951953614e-18
0.4077311221688491
0.4077311221688491
0.4077311221688491
0.4077311221688491
3.262272337447336
3.262272337447336
3.262272337447336
1454.334740998294
1454.334740998294
-55986150.03649154
0.059643892249997305
0.059643892249997305
0.059643892249997305
0.059643892249997305
0.059643892249997305
-0.040167019984078615
-0.040167019984078615
-0.040167019984078615
-0.040167019984078615
1.3183898417423734e-16
1.3183898417423734e-16
1.3183898417423734e-16
2.327548212932376
2.327548212932376
-112901.14473960534
0.20830843903048715
0.20830843903048715
0.20830843903048715
0.20830843903048715
1.0907907346483134
1.0907907346483134
1.0907907346483134
408.1194245949608
408.1194245949608
-15684157.358787868
58.26097748593557
58.26097748593557
58.26097748593557
40493.655799686865
40493.655799686865
-1587429892.5728672
36377871.08739738
36377871.08739738
-1432294531134.544
5.640197908777667e+16
-0.005294067373859537
-0.005294067373859537
-0.005294067373859537
-0.005294067373859537
-0.005294067373859537
0.03424390688061349
0.03424390688061349
0.03424390688061349
0.03424390688061349
0.06408053306603168
0.06408053306603168
0.06408053306603168
0.17306275975350646
0.17306275975350646
-221.856756501228
-0.04431005137326144
-0.04431005137326144
-0.04431005137326144
-0.04431005137326144
-0.04700065060987284
-0.04700065060987284
-0.04700065060987284
0.5180355279826808
0.5180355279826808
-31597.659401549507
0.017387696106349215
0.017387696106349215
0.017387696106349215
79.3862311783917
79.3862311783917
-3224512.0001414646
73895.09071069784
73895.09071069784
-2914609539.7075257
114780551968949.69
0.1310503505061664
0.1310503505061664
0.1310503505061664
0.1310503505061664
0.43288173348824077
0.43288173348824077
0.43288173348824077
114.74782830886394
114.74782830886394
-4393793.294403948
16.765509951720176
16.765509951720176
16.765509951720176
11346.978249771164
11346.978249771164
-444703953.07622087
10190965.544602469
10190965.544602469
-401242993712.7573
1.5800447632939326e+16
1341.160357727389
1341.160357727389
1341.160357727389
1144890.4567140157
1144890.4567140157
-45009094719.41889
1031396977.3904845
1031396977.3904845
-40613398293045.66
1.599308521726831e+18
930653603491.0583
930653603491.0583
-3.6648045431939704e+16
1.443159204785527e+21
-5.6830004180578594e+25
1.0
1.0
1.0
1.0
1.0
1.0
3.469446951953614e-18
3.469446951953614e-18
3.469446951953614e-18
3.469446951953614e-18
3.469446951953614e-18
0.4077311221688491
0.4077311221688491
0.4077311221688491
0.4077311221688491
3.262272337447336
3.262272337447336
3.262272337447336
1454.334740998294
1454.334740998294
-55986150.03649154
0.059643892249997305
0.059643892249997305
0.059643892249997305
0.059643892249997305
0.059643892249997305
-0.040167019984078615
-0.040167019984078615
-0.040167019984078615
-0.040167019984078615
1.3183898417423734e-16
1.3183898417423734e-16
1.3183898417423734e-16
2.327548212932376
2.327548212932376
-112901.14473960534
0.20830843903048715
0.20830843903048715
0.20830843903048715
0.20830843903048715
1.0907907346483134
1.0907907346483134
1.0907907346483134
408.1194245949608
408.1194245949608
-15684157.358787868
58.26097748593557
58.26097748593557
58.26097748593557
40493.655799686865
40493.655799686865
-1587429892.5728672
36377871.08739738
36377871.08739738
-1432294531134.544
5.640197908777667e+16
-0.005294067373859537
-0.005294067373859537
-0.005294067373859537
-0.005294067373859537
-0.005294067373859537
0.03424390688061349
0.03424390688061349
0.03424390688061349
0.03424390688061349
0.06408053306603168
0.06408053306603168
0.06408053306603168
0.17306275975350646
0.17306275975350646
-221.856756501228
-0.04431005137326144
-0.04431005137326144
-0.04431005137326144
-0.04431005137326144
-0.04700065060987284
-0.04700065060987284
-0.04700065060987284
0.5180355279826808
0.5180355279826808
-31597.659401549507
0.017387696106349215
0.017387696106349215
0.017387696106349215
79.3862311783917
79.3862311783917
-3224512.0001414646
73895.09071069784
73895.09071069784
-2914609539.7075257
114780551968949.69
0.1310503505061664
0.1310503505061664
0.1310503505061664
0.1310503505061664
0.43288173348824077
0.43288173348824077
0.43288173348824077
114.74782830886394
114.74782830886394
-4393793.294403948
16.765509951720176
16.765509951720176
16.765509951720176
11346.978249771164
11346.978249771164
-444703953.07622087
10190965.544602469
10190965.544602469
-401242993712.7573
1.5800447632939326e+16
1341.160357727389
1341.160357727389
1341.160357727389
1144890.4567140157
1144890.4567140157
-45009094719.41889
1031396977.3904845
1031396977.3904845
-40613398293045.66
1.599308521726831e+18
930653603491.0583
930653603491.0583
-3.6648045431939704e+16
1.443159204785527e+21
-5.6830004180578594e+25
0.010683107784954328
0.010683107784954328
0.010683107784954328
0.010683107784954328
0.010683107784954328
-0.010006001764134407
-0.010006001764134407
-0.010006001764134407
-0.010006001764134407
-0.012900973179534569
-0.012900973179534569
-0.012900973179534569
-0.03766779439716258
-0.03766779439716258
5.223009861270377
0.02481765166488487
0.02481765166488487
0.02481765166488487
0.02481765166488487
0.041229043503899894
0.041229043503899894
0.041229043503899894
0.10439887035857832
0.10439887035857832
-62.7127078738851
0.09707691570912078
0.09707691570912078
0.09707691570912078
0.5077138825626488
0.5077138825626488
-6683.782734305579
156.48471685538513
156.48471685538513
-5934881.648245656
233589842713.14536
-0.040548463944066776
-0.040548463944066776
-0.040548463944066776
-0.040548463944066776
-0.05396695781322391
-0.05396695781322391
-0.05396695781322391
0.03418959575732498
0.03418959575732498
-8836.118556107172
-0.05190163062273293
-0.05190163062273293
-0.05190163062273293
22.038753715106143
22.038753715106143
-903199.1720385844
20698.646363558873
20698.646363558873
-816496482.4097315
32154615640350.484
2.921176214001587
2.921176214001587
2.921176214001587
2293.4465382346575
2293.4465382346575
-91541984.91699724
2097767.8820764828
2097767.8820764828
-82648655090.42903
3254667035729291.5
1893883503.5206764
1893883503.5206764
-74580462814967.4
2.936897383889393e+18
-1.1565175404823299e+23
0.09528941743124324
0.09528941743124324
0.09528941743124324
0.09528941743124324
0.21920662663084098
0.21920662663084098
0.21920662663084098
32.43570667544108
32.43570667544108
-1230873.965026674
4.965945808950295
4.965945808950295
4.965945808950295
3179.956561014036
3179.956561014036
-124579553.90997036
2854918.2687892294
2854918.2687892294
-112404214121.73874
4426336620874290.5
377.40720808329866
377.40720808329866
377.40720808329866
320752.44799743296
320752.44799743296
-12608865016.733433
288936153.7192438
288936153.7192438
-11377436025111.88
4.480302086173558e+17
260713273307.01703
260713273307.01703
-1.0266581602811126e+16
4.042865461299853e+20
-1.5920354475893904e+25
36663.391927957135
36663.391927957135
36663.391927957135
32424483.627887156
32424483.627887156
-1276231682023.2764
29244907762.218513
29244907762.218513
-1151613934396864.0
4.5349258109303235e+19
26389157650437.996
26389157650437.996
-1.039175143795251e+18
4.09215607059661e+22
-1.6114455427107675e+27
2.38126272834175e+16
2.38126272834175e+16
-9.377147588445215e+20
3.6926164160608266e+25
-1.4541112714842135e+30
5.726128445646662e+34
1.0
1.0
1.0
1.0
1.0
1.0
3.469446951953614e-18
3.469446951953614e-18
3.469446951953614e-18
3.469446951953614e-18
3.469446951953614e-18
0.4077311221688491
0.4077311221688491
0.4077311221688491
0.4077311221688491
3.262272337447336
3.262272337447336
3.262272337447336
1454.334740998294
1454.334740998294
-55986150.03649154
0.059643892249997305
0.059643892249997305
0.059643892249997305
0.059643892249997305
0.059643892249997305
-0.040167019984078615
-0.040167019984078615
-0.040167019984078615
-0.040167019984078615
1.3183898417423734e-16
1.3183898417423734e-16
1.3183898417423734e-16
2.327548212932376
2.327548212932376
-112901.14473960534
0.20830843903048715
0.20830843903048715
0.20830843903048715
0.20830843903048715
1.0907907346483134
1.0907907346483134
1.0907907346483134
408.1194245949608
408.1194245949608
-15684157.358787868
58.26097748593557
58.26097748593557
58.26097748593557
40493.655799686865
40493.655799686865
-1587429892.5728672
36377871.08739738
36377871.08739738
-1432294531134.544
5.640197908777667e+16
-0.005294067373859537
-0.005294067373859537
-0.005294067373859537
-0.005294067373859537
-0.005294067373859537
0.03424390688061349
0.03424390688061349
0.03424390688061349
0.03424390688061349
0.06408053306603168
0.06408053306603168
0.06408053306603168
0.17306275975350646
0.17306275975350646
-221.856756501228
-0.04431005137326144
-0.04431005137326144
-0.04431005137326144
-0.04431005137326144
-0.04700065060987284
-0.04700065060987284
-0.04700065060987284
0.5180355279826808
0.5180355279826808
-31597.659401549507
0.017387696106349215
0.017387696106349215
0.017387696106349215
79.3862311783917
79.3862311783917
-3224512.0001414646
73895.09071069784
73895.09071069784
-2914609539.7075257
114780551968949.69
0.1310503505061664
0.1310503505061664
0.1310503505061664
0.1310503505061664
0.43288173348824077
0.43288173348824077
0.43288173348824077
114.74782830886394
114.74782830886394
-4393793.294403948
16.765509951720176
16.765509951720176
16.765509951720176
11346.978249771164
11346.978249771164
-444703953.07622087
10190965.544602469
10190965.544602469
-401242993712.7573
1.5800447632939326e+16
1341.160357727389
1341.160357727389
1341.160357727389
1144890.4567140157
1144890.4567140157
-45009094719.41889
1031396977.3904845
1031396977.3904845
-40613398293045.66
1.599308521726831e+18
930653603491.0583
930653603491.0583
-3.6648045431939704e+16
1.443159204785527e+21
-5.6830004180578594e+25
0.010683107784954328
0.010683107784954328
0.010683107784954328
0.010683107784954328
0.010683107784954328
-0.010006001764134407
-0.010006001764134407
-0.010006001764134407
-0.010006001764134407
-0.012900973179534569
-0.012900973179534569
-0.012900973179534569
-0.03766779439716258
-0.03766779439716258
5.223009861270377
0.02481765166488487
0.02481765166488487
0.02481765166488487
0.02481765166488487
0.041229043503899894
0.041229043503899894
0.041229043503899894
0.10439887035857832
0.10439887035857832
-62.7127078738851
0.09707691570912078
0.09707691570912078
0.09707691570912078
0.5077138825626488
0.5077138825626488
-6683.782734305579
156.48471685538513
156.48471685538513
-5934881.648245656
233589842713.14536
-0.040548463944066776
-0.040548463944066776
-0.040548463944066776
-0.040548463944066776
-0.05396695781322391
-0.05396695781322391
-0.05396695781322391
0.03418959575732498
0.03418959575732498
-8836.118556107172
-0.05190163062273293
-0.05190163062273293
-0.05190163062273293
22.038753715106143
22.038753715106143
-903199.1720385844
20698.646363558873
20698.646363558873
-816496482.4097315
32154615640350.484
2.921176214001587
2.921176214001587
2.921176214001587
2293.4465382346575
2293.4465382346575
-91541984.91699724
2097767.8820764828
2097767.8820764828
-82648655090.42903
3254667035729291.5
1893883503.5206764
1893883503.5206764
-74580462814967.4
2.936897383889393e+18
-1.1565175404823299e+23
0.09528941743124324
0.09528941743124324
0.09528941743124324
0.09528941743124324
0.21920662663084098
0.21920662663084098
0.21920662663084098
32.43570667544108
32.43570667544108
-1230873.965026674
4.965945808950295
4.965945808950295
4.965945808950295
3179.956561014036
3179.956561014036
-124579553.90997036
2854918.2687892294
2854918.2687892294
-112404214121.73874
4426336620874290.5
377.40720808329866
377.40720808329866
377.40720808329866
320752.44799743296
320752.44799743296
-12608865016.733433
288936153.7192438
288936153.7192438
-11377436025111.88
4.480302086173558e+17
260713273307.01703
260713273307.01703
-1.0266581602811126e+16
4.042865461299853e+20
-1.5920354475893904e+25
36663.391927957135
36663.391927957135
36663.391927957135
32424483.627887156
32424483.627887156
-1276231682023.2764
29244907762.218513
29244907762.218513
-1151613934396864.0
4.5349258109303235e+19
26389157650437.996
26389157650437.996
-1.039175143795251e+18
4.09215607059661e+22
-1.6114455427107675e+27
2.38126272834175e+16
2.38126272834175e+16
-9.377147588445215e+20
3.6926164160608266e+25
-1.4541112714842135e+30
5.726128445646662e+34
-0.0021797750830641837
-0.0021797750830641837
-0.0021797750830641837
-0.0021797750830641837
-0.0021797750830641837
0.007221110826838124
0.007221110826838124
0.007221110826838124
0.007221110826838124
0.011563987963715655
0.011563987963715655
0.011563987963715655
0.022161351616288967
0.022161351616288967
1.0281543258242467
-0.010289231617089336
-0.010289231617089336
-0.010289231617089336
-0.010289231617089336
-0.014812639294792096
-0.014812639294792096
-0.014812639294792096
-0.036006268408574196
-0.036006268408574196
1.7020986289739024
-0.020739248219351254
-0.020739248219351254
-0.020739248219351254
-0.05534688202668204
-0.05534688202668204
-3.471993537790814
0.02835721403638998
0.02835721403638998
-11914.323813794215
475279333.144648
0.020330640258633403
0.020330640258633403
0.020330640258633403
0.020330640258633403
0.031798882355013026
0.031798882355013026
0.031798882355013026
0.07803351348599348
0.07803351348599348
-17.837415337371837
0.059310727734432925
0.059310727734432925
0.059310727734432925
0.2206218544429402
0.2206218544429402
-1869.8239570030014
44.10505202901734
44.10505202901734
-1662652.6633406456
65437922978.13041
0.19460296238799887
0.19460296238799887
0.19460296238799887
6.889999354662582
6.889999354662582
-187228.66674175975
4309.043202583485
4309.043202583485
-168233346.36725384
6623445272974.211
3855374.46180092
3855374.46180092
-151775977573.83142
5976726942493544.0
-2.3535680662835354e+20
-0.035815957529203996
-0.035815957529203996
-0.035815957529203996
-0.035815957529203996
-0.051054391769459175
-0.051054391769459175
-0.051054391769459175
-0.0855456957847838
-0.0855456957847838
-2466.9955111364393
-0.0659066360257785
-0.0659066360257785
-0.0659066360257785
6.022415077465545
6.022415077465545
-252976.52927824183
5797.544227115413
5797.544227115413
-228732638.07638964
9007791729101.826
0.7631787096344875
0.7631787096344875
0.7631787096344875
641.8246989400071
641.8246989400071
-25643757.480813693
587651.5008626222
587651.5008626222
-23153170310.35946
911762237517189.5
530551891.3235976
530551891.3235976
-20892966452818.082
8.227422828167172e+17
-3.239867648629495e+22
68.18146258941832
68.18146258941832
68.18146258941832
65704.26320012505
65704.26320012505
-2596701608.801014
59503115.954458565
59503115.954458565
-2343574668440.2427
9.228787613462493e+16
53702810597.57662
53702810597.57662
-2114770265677719.0
8.327731656822268e+19
-3.2793681141204067e+24
48459813772748.0
48459813772748.0
-1.908293998675556e+18
7.5146495559915975e+22
-2.959185409909175e+27
1.1652942992750135e+32
0.07551301214871212
0.07551301214871212
0.07551301214871212
0.07551301214871212
0.14049869530056258
0.14049869530056258
0.14049869530056258
9.309593947321567
9.309593947321567
-344809.0410374921
1.5730037019255385
1.5730037019255385
1.5730037019255385
891.4325824882612
891.4325824882612
-34899656.87875474
799783.7792766131
799783.7792766131
-31488917246.969864
1239993723644355.0
106.5280964414508
106.5280964414508
106.5280964414508
89862.92522261367
89862.92522261367
-3532251860.3043847
80942753.85004304
80942753.85004304
-3187274552208.7134
1.2551116005976675e+17
73036209056.68394
73036209056.68394
-2876079653805825.0
1.1325681244330856e+20
-4.459927291801164e+24
10280.55492310031
10280.55492310031
10280.55492310031
9083596.449120393
9083596.449120393
-357523674413.7076
8192673037.588932
8192673037.588932
-322613075528903.0
1.2704138863875727e+19
7392657469856.464
7392657469856.464
-2.911144720509808e+17
1.1463763931602103e+22
-4.514302722379669e+26
6670868199992773.0
6670868199992773.0
-2.626913647762351e+20
1.0344493746706477e+25
-4.0735465751191355e+29
1.6041173310380312e+34
1024061.4786054534
1024061.4786054534
1024061.4786054534
919117800.1870514
919117800.1870514
-36187972110868.19
829246138188.9976
829246138188.9976
-3.2654627993823664e+16
1.2859027604503103e+21
748278592223834.4
748278592223834.4
-2.9466373642462142e+19
1.1603530130667478e+24
-4.569341098250886e+28
6.752199331797577e+17
6.752199331797577e+17
-2.6589409763042108e+22
1.0470613807754225e+27
-4.123211252362238e+31
1.6236747285143673e+36
6.092945022700421e+20
6.092945022700421e+20
-2.399333977345672e+25
9.448310323726763e+29
-3.7206395114989633e+34
1.4651464547863423e+39
-5.769583770044301e+43
1.0
1.0
1.0
1.0
1.0
1.0
3.469446951953614e-18
3.469446951953614e-18
3.469446951953614e-18
3.469446951953614e-18
3.469446951953614e-18
0.4077311221688491
0.4077311221688491
0.4077311221688491
0.4077311221688491
3.262272337447336
3.262272337447336
3.262272337447336
1454.334740998294
1454.334740998294
-55986150.03649154
0.059643892249997305
0.059643892249997305
0.059643892249997305
0.059643892249997305
0.059643892249997305
-0.040167019984078615
-0.040167019984078615
-0.040167019984078615
-0.040167019984078615
1.3183898417423734e-16
1.3183898417423734e-16
1.3183898417423734e-16
2.327548212932376
2.327548212932376
-112901.14473960534
0.20830843903048715
0.20830843903048715
0.20830843903048715
0.20830843903048715
1.0907907346483134
1.0907907346483134
1.0907907346483134
408.1194245949608
408.1194245949608
-15684157.358787868
58.26097748593557
58.26097748593557
58.26097748593557
40493.655799686865
40493.655799686865
-1587429892.5728672
36377871.08739738
36377871.08739738
-1432294531134.544
5.640197908777667e+16
-0.005294067373859537
-0.005294067373859537
-0.005294067373859537
-0.005294067373859537
-0.005294067373859537
0.03424390688061349
0.03424390688061349
0.03424390688061349
0.03424390688061349
0.06408053306603168
0.06408053306603168
0.06408053306603168
0.17306275975350646
0.17306275975350646
-221.856756501228
-0.04431005137326144
-0.04431005137326144
-0.04431005137326144
-0.04431005137326144
-0.04700065060987284
-0.04700065060987284
-0.04700065060987284
0.5180355279826808
0.5180355279826808
-31597.659401549507
0.017387696106349215
0.017387696106349215
0.017387696106349215
79.3862311783917
79.3862311783917
-3224512.0001414646
73895.09071069784
73895.09071069784
-2914609539.7075257
114780551968949.69
0.1310503505061664
0.1310503505061664
0.1310503505061664
0.1310503505061664
0.43288173348824077
0.43288173348824077
0.43288173348824077
114.74782830886394
114.74782830886394
-4393793.294403948
16.765509951720176
16.765509951720176
16.765509951720176
11346.978249771164
11346.978249771164
-444703953.07622087
10190965.544602469
10190965.544602469
-401242993712.7573
1.5800447632939326e+16
1341.160357727389
1341.160357727389
1341.160357727389
1144890.4567140157
1144890.4567140157
-45009094719.41889
1031396977.3904845
1031396977.3904845
-40613398293045.66
1.599308521726831e+18
930653603491.0583
930653603491.0583
-3.6648045431939704e+16
1.443159204785527e+21
-5.6830004180578594e+25
0.010683107784954328
0.010683107784954328
0.010683107784954328
0.010683107784954328
0.010683107784954328
-0.010006001764134407
-0.010006001764134407
-0.010006001764134407
-0.010006001764134407
-0.012900973179534569
-0.012900973179534569
-0.012900973179534569
-0.03766779439716258
-0.03766779439716258
5.223009861270377
0.02481765166488487
0.02481765166488487
0.02481765166488487
0.02481765166488487
0.041229043503899894
0.041229043503899894
0.041229043503899894
0.10439887035857832
0.10439887035857832
-62.7127078738851
0.09707691570912078
0.09707691570912078
0.09707691570912078
0.5077138825626488
0.5077138825626488
-6683.782734305579
156.48471685538513
156.48471685538513
-5934881.648245656
233589842713.14536
-0.040548463944066776
-0.040548463944066776
-0.040548463944066776
-0.040548463944066776
-0.05396695781322391
-0.05396695781322391
-0.05396695781322391
0.03418959575732498
0.03418959575732498
-8836.118556107172
-0.05190163062273293
-0.05190163062273293
-0.05190163062273293
22.038753715106143
22.038753715106143
-903199.1720385844
20698.646363558873
20698.646363558873
-816496482.4097315
32154615640350.484
2.921176214001587
2.921176214001587
2.921176214001587
2293.4465382346575
2293.4465382346575
-91541984.91699724
2097767.8820764828
2097767.8820764828
-82648655090.42903
3254667035729291.5
1893883503.5206764
1893883503.5206764
-74580462814967.4
2.936897383889393e+18
-1.1565175404823299e+23
0.09528941743124324
0.09528941743124324
0.09528941743124324
0.09528941743124324
0.21920662663084098
0.21920662663084098
0.21920662663084098
32.43570667544108
32.43570667544108
-1230873.965026674
4.965945808950295
4.965945808950295
4.965945808950295
3179.956561014036
3179.956561014036
-124579553.90997036
2854918.2687892294
2854918.2687892294
-112404214121.73874
4426336620874290.5
377.40720808329866
377.40720808329866
377.40720808329866
320752.44799743296
320752.44799743296
-12608865016.733433
288936153.7192438
288936153.7192438
-11377436025111.88
4.480302086173558e+17
260713273307.01703
260713273307.01703
-1.0266581602811126e+16
4.042865461299853e+20
-1.5920354475893904e+25
36663.391927957135
36663.391927957135
36663.391927957135
32424483.627887156
32424483.627887156
-1276231682023.2764
29244907762.218513
29244907762.218513
-1151613934396864.0
4.5349258109303235e+19
26389157650437.996
26389157650437.996
-1.039175143795251e+18
4.09215607059661e+22
-1.6114455427107675e+27
2.38126272834175e+16
2.38126272834175e+16
-9.377147588445215e+20
3.6926164160608266e+25
-1.4541112714842135e+30
5.726128445646662e+34
-0.0021797750830641837
-0.0021797750830641837
-0.0021797750830641837
-0.0021797750830641837
-0.0021797750830641837
0.007221110826838124
0.007221110826838124
0.007221110826838124
0.007221110826838124
0.011563987963715655
0.011563987963715655
0.011563987963715655
0.022161351616288967
0.022161351616288967
1.0281543258242467
-0.010289231617089336
-0.010289231617089336
-0.010289231617089336
-0.010289231617089336
-0.014812639294792096
-0.014812639294792096
-0.014812639294792096
-0.036006268408574196
-0.036006268408574196
1.7020986289739024
-0.020739248219351254
-0.020739248219351254
-0.020739248219351254
-0.05534688202668204
-0.05534688202668204
-3.471993537790814
0.02835721403638998
0.02835721403638998
-11914.323813794215
475279333.144648
0.020330640258633403
0.020330640258633403
0.020330640258633403
0.020330640258633403
0.031798882355013026
0.031798882355013026
0.031798882355013026
0.07803351348599348
0.07803351348599348
-17.837415337371837
0.059310727734432925
0.059310727734432925
0.059310727734432925
0.2206218544429402
0.2206218544429402
-1869.8239570030014
44.10505202901734
44.10505202901734
-1662652.6633406456
65437922978.13041
0.19460296238799887
0.19460296238799887
0.19460296238799887
6.889999354662582
6.889999354662582
-187228.66674175975
4309.043202583485
4309.043202583485
-168233346.36725384
6623445272974.211
3855374.46180092
3855374.46180092
-151775977573.83142
5976726942493544.0
-2.3535680662835354e+20
-0.035815957529203996
-0.035815957529203996
-0.035815957529203996
-0.035815957529203996
-0.051054391769459175
-0.051054391769459175
-0.051054391769459175
-0.0855456957847838
-0.0855456957847838
-2466.9955111364393
-0.0659066360257785
-0.0659066360257785
-0.0659066360257785
6.022415077465545
6.022415077465545
-252976.52927824183
5797.544227115413
5797.544227115413
-228732638.07638964
9007791729101.826
0.7631787096344875
0.7631787096344875
0.7631787096344875
641.8246989400071
641.8246989400071
-25643757.480813693
587651.5008626222
587651.5008626222
-23153170310.35946
911762237517189.5
530551891.3235976
530551891.3235976
-20892966452818.082
8.227422828167172e+17
-3.239867648629495e+22
68.18146258941832
68.18146258941832
68.18146258941832
65704.26320012505
65704.26320012505
-2596701608.801014
59503115.954458565
59503115.954458565
-2343574668440.2427
9.228787613462493e+16
53702810597.57662
53702810597.57662
-2114770265677719.0
8.327731656822268e+19
-3.2793681141204067e+24
48459813772748.0
48459813772748.0
-1.908293998675556e+18
7.5146495559915975e+22
-2.959185409909175e+27
1.1652942992750135e+32
0.07551301214871212
0.07551301214871212
0.07551301214871212
0.07551301214871212
0.14049869530056258
0.14049869530056258
0.14049869530056258
9.309593947321567
9.309593947321567
-344809.0410374921
1.5730037019255385
1.5730037019255385
1.5730037019255385
891.4325824882612
891.4325824882612
-34899656.87875474
799783.7792766131
799783.7792766131
-31488917246.969864
1239993723644355.0
106.5280964414508
106.5280964414508
106.5280964414508
89862.92522261367
89862.92522261367
-3532251860.3043847
80942753.85004304
80942753.85004304
-3187274552208.7134
1.2551116005976675e+17
73036209056.68394
73036209056.68394
-2876079653805825.0
1.1325681244330856e+20
-4.459927291801164e+24
10280.55492310031
10280.55492310031
10280.55492310031
9083596.449120393
9083596.449120393
-357523674413.7076
8192673037.588932
8192673037.588932
-322613075528903.0
1.2704138863875727e+19
7392657469856.464
7392657469856.464
-2.911144720509808e+17
1.1463763931602103e+22
-4.514302722379669e+26
6670868199992773.0
6670868199992773.0
-2.626913647762351e+20
1.0344493746706477e+25
-4.0735465751191355e+29
1.6041173310380312e+34
1024061.4786054534
1024061.4786054534
1024061.4786054534
919117800.1870514
919117800.1870514
-36187972110868.19
829246138188.9976
829246138188.9976
-3.2654627993823664e+16
1.2859027604503103e+21
748278592223834.4
748278592223834.4
-2.9466373642462142e+19
1.1603530130667478e+24
-4.569341098250886e+28
6.752199331797577e+17
6.752199331797577e+17
-2.6589409763042108e+22
1.0470613807754225e+27
-4.123211252362238e+31
1.6236747285143673e+36
6.092945022700421e+20
6.092945022700421e+20
-2.399333977345672e+25
9.448310323726763e+29
-3.7206395114989633e+34
1.4651464547863423e+39
-5.769583770044301e+43
0.0024666624129196027
0.0024666624129196027
0.0024666624129196027
0.0024666624129196027
0.0024666624129196027
-0.0028329820539913873
-0.0028329820539913873
-0.0028329820539913873
-0.0028329820539913873
-0.003874756187836801
-0.003874756187836801
-0.003874756187836801
-0.00925343369850539
-0.00925343369850539
0.4600100291778682
0.005830944218658142
0.005830944218658142
0.005830944218658142
0.005830944218658142
0.008824882356753067
0.008824882356753067
0.008824882356753067
0.018503882893686024
0.018503882893686024
0.2317338426905779
0.01391690125750059
0.01391690125750059
0.01391690125750059
0.02898257790856965
0.02898257790856965
0.5836267171335161
0.07983899693186142
0.07983899693186142
-26.63924751069025
974059.4995472605
-0.009555884697699284
-0.009555884697699284
-0.009555884697699284
-0.009555884697699284
-0.01403735102937982
-0.01403735102937982
-0.01403735102937982
-0.03272466727336674
-0.03272466727336674
0.6398317551741894
-0.020663273073973882
-0.020663273073973882
-0.020663273073973882
-0.050010181784452046
-0.050010181784452046
-0.6227563439384824
-0.08537841464149798
-0.08537841464149798
-3335.3888021695643
133142870.35216083
-0.027994668958271136
-0.027994668958271136
-0.027994668958271136
-0.096969008499702
-0.096969008499702
-326.89815072580006
7.671976321028416
7.671976321028416
-341167.00477415294
13477811116.365974
7814.504277458731
7814.504277458731
-308835664.60030824
12162887658945.625
-4.789622191483954e+17
0.017573450827748936
0.017573450827748936
0.017573450827748936
0.017573450827748936
0.02673452330560346
0.02673452330560346
0.02673452330560346
0.06480618613730754
0.06480618613730754
-5.165052329507004
0.044276782087098246
0.044276782087098246
0.044276782087098246
0.12930302963009377
0.12930302963009377
-522.0601534345537
12.558629058440339
12.558629058440339
-465791.2069358468
18331804841.694057
0.10063414226469612
0.10063414226469612
0.10063414226469612
2.0561348727644595
2.0561348727644595
-52453.53433049991
1207.924487174263
1207.924487174263
-47129350.94952993
1855492253916.6436
1080059.854818562
1080059.854818562
-42518530800.68581
1674319998941593.8
-6.593284383908593e+19
1.1480845300668023
1.1480845300668023
1.1480845300668023
147.28241213305995
147.28241213305995
-5294922.358059492
121480.36930577367
121480.36930577367
-4769634041.10986
187810633225260.8
109298538.31519784
109298538.31519784
-4303669395128.6113
1.694733023528572e+17
-6.673669676397062e+21
98618357657.26292
98618357657.26292
-3883469168770306.5
1.5292668328510475e+20
-6.022082671843512e+24
2.371429172110981e+29
-0.03158604245642809
-0.03158604245642809
-0.03158604245642809
-0.03158604245642809
-0.046209278880166495
-0.046209278880166495
-0.046209278880166495
-0.10689802988238867
-0.10689802988238867
-686.5177628976824
-0.06501008947143616
-0.06501008947143616
-0.06501008947143616
1.5594471290128045
1.5594471290128045
-70848.83625501179
1623.5842136254992
1623.5842136254992
-64076942.62019965
2523442137992.594
0.15879690619970874
0.15879690619970874
0.15879690619970874
179.48806131761265
179.48806131761265
-7183552.407712018
164619.24717869516
164619.24717869516
-6486122088.89466
255421021055409.88
148628620.5982036
148628620.5982036
-5852954380869.701
2.304829809924823e+17
-9.076163580056888e+21
19.029999321029223
19.029999321029223
19.029999321029223
18401.623215339358
18401.623215339358
-727433370.0022123
16669043.847760376
16669043.847760376
-656528707522.4077
2.585352072164935e+16
15044297632.814857
15044297632.814857
-592431628814774.5
2.332930321446181e+19
-9.186820164106789e+23
13575529602423.225
13575529602423.225
-5.3458938338976326e+17
2.1051535437513724e+22
-8.289860499719954e+26
3.2644548563139195e+31
2045.425004026825
2045.425004026825
2045.425004026825
1867332.5722571649
1867332.5722571649
-73639832397.40962
1687449118.2342467
1687449118.2342467
-66453583167403.66
2.61687296820544e+18
1522778847275.8037
1522778847275.8037
-5.996546389203333e+16
2.361373415730049e+21
-9.298825870712496e+25
1374104477006140.2
1374104477006140.2
-5.411070994566483e+19
2.1308195747046698e+24
-8.3909304736757e+28
3.304255087839251e+33
1.2399432089625405e+18
1.2399432089625405e+18
-4.882758450429605e+22
1.9227759667818935e+27
-7.571677885961046e+31
2.9816425313752947e+36
-1.1741376639105592e+41
0.0628725800614132
0.0628725800614132
0.0628725800614132
0.0628725800614132
0.1054702337930208
0.1054702337930208
0.1054702337930208
2.789559533130984
2.789559533130984
-96588.72420665578
0.5740569632377132
0.5740569632377132
0.5740569632377132
250.10005967912608
250.10005967912608
-9776708.954712808
224054.08178168943
224054.08178168943
-8821305496.540533
347371781267891.75
30.28223524363877
30.28223524363877
30.28223524363877
25176.80400622268
25176.80400622268
-989525967.151889
22675357.207641438
22675357.207641438
-892882989999.2706
3.5160690057586196e+16
20460361638.576233
20460361638.576233
-805704809642176.9
3.1727757670020665e+19
-1.2494038043105675e+24
2883.677960057275
2883.677960057275
2883.677960057275
2544739.439628244
2544739.439628244
-100156719096.30205
2295096793.439683
2295096793.439683
-90376812484747.05
3.558936816315739e+18
2070978742859.3425
2070978742859.3425
-8.155279343099803e+16
3.2114582438317497e+21
-1.2646365346609057e+26
1868776679448565.0
1868776679448565.0
-7.359034554721101e+19
2.8979059511902083e+24
-1.1411631300215121e+29
4.4937734739304864e+33
286952.9185934669
286952.9185934669
286952.9185934669
257483464.33958116
257483464.33958116
-10137698568838.684
232305027646.15158
232305027646.15158
-9147865884573310.0
3.602327338708723e+20
209622728480148.25
209622728480148.25
-8.254708412969674e+18
3.250612339669701e+23
-1.2800549824729358e+28
1.8915607773705024e+17
1.8915607773705024e+17
-7.448755896447459e+21
2.933237218665267e+26
-1.1550761901741427e+31
4.548561557256909e+35
1.7068773082636252e+20
1.7068773082636252e+20
-6.721492981764725e+24
2.6468491727317783e+29
-1.0422997631982643e+34
4.1044605319996106e+38
-1.6162909034008943e+43
28931412.34479721
28931412.34479721
28931412.34479721
26059109521.565224
26059109521.565224
-1026127087211715.5
23513642957099.477
23513642957099.477
-9.259395761862984e+17
3.6462469009417414e+22
2.121784219337221e+16
2.121784219337221e+16
-8.355349783941231e+20
3.2902438029130225e+25
-1.2956614119987467e+30
1.9146226768864584e+19
1.9146226768864584e+19
-7.539571122665502e+23
2.9689992449530745e+28
-1.1691588783475197e+33
4.604017616860312e+37
1.7276875550554652e+22
1.7276875550554652e+22
-6.803441419879997e+26
2.6791195561563137e+31
-1.0550074812460316e+36
4.154502112186492e+40
-1.6359967210637237e+45
1.559003938193146e+25
1.559003938193146e+25
-6.139184099875373e+29
2.4175424121077286e+34
-9.520013114541846e+38
3.748875272969165e+43
-1.4762653835856598e+48
5.813368874892522e+52
