0.0
1.0
0.6528150874271592
1.0
0.7087379380547962
1.0
0.7586190395884276
0.0
0.0
0.0
0.0
0.0
0.0
1.0
1.0
1.0
1.0
1.0
0.6528150874271592
0.6528150874271592
0.6528150874271592
0.6528150874271592
33.926017771030494
33.926017771030494
33.926017771030494
25586.624179051003
25586.624179051003
1007691440.9646877
0.0
0.0
0.0
0.0
0.0
0.0
1.0
1.0
1.0
1.0
1.0
0.6528150874271592
0.6528150874271592
0.6528150874271592
0.6528150874271592
33.926017771030494
33.926017771030494
33.926017771030494
25586.624179051003
25586.624179051003
1007691440.9646877
0.310560222365748
0.310560222365748
0.310560222365748
0.310560222365748
0.310560222365748
0.6353026083456731
0.6353026083456731
0.6353026083456731
0.6353026083456731
1.0
1.0
1.0
59.989216625175196
59.989216625175196
2059361.4994598322
0.7777897191890931
0.7777897191890931
0.7777897191890931
0.7777897191890931
9.499990158026153
9.499990158026153
9.499990158026153
7167.839900752661
7167.839900752661
282293848.62143075
803.8020618888668
803.8020618888668
803.8020618888668
725870.2280415499
725870.2280415499
28571085268.65653
654696328.8704705
654696328.8704705
25781218590681.15
1.0152354998798981e+18
0.0
0.0
0.0
0.0
0.0
0.0
1.0
1.0
1.0
1.0
1.0
0.6528150874271592
0.6528150874271592
0.6528150874271592
0.6528150874271592
33.926017771030494
33.926017771030494
33.926017771030494
25586.624179051003
25586.624179051003
1007691440.9646877
0.310560222365748
0.310560222365748
0.310560222365748
0.310560222365748
0.310560222365748
0.6353026083456731
0.6353026083456731
0.6353026083456731
0.6353026083456731
1.0
1.0
1.0
59.989216625175196
59.989216625175196
2059361.4994598322
0.7777897191890931
0.7777897191890931
0.7777897191890931
0.7777897191890931
9.499990158026153
9.499990158026153
9.499990158026153
7167.839900752661
7167.839900752661
282293848.62143075
803.8020618888668
803.8020618888668
803.8020618888668
725870.2280415499
725870.2280415499
28571085268.65653
654696328.8704705
654696328.8704705
25781218590681.15
1.0152354998798981e+18
0.25984403295701297
0.25984403295701297
0.25984403295701297
0.25984403295701297
0.25984403295701297
0.2863787251222217
0.2863787251222217
0.2863787251222217
0.2863787251222217
0.4115944511281168
0.4115944511281168
0.4115944511281168
0.7561913335990007
0.7561913335990007
4344.164282801813
0.5071671932631576
0.5071671932631576
0.5071671932631576
0.5071671932631576
0.8048908846039413
0.8048908846039413
0.8048908846039413
16.915304001563594
16.915304001563594
577032.5668936191
4.531927018446585
4.531927018446585
4.531927018446585
1550.6803700369587
1550.6803700369587
58225892.36226412
1334686.9276205671
1334686.9276205671
52468622944.664825
2066055345086534.5
0.7645692291134484
0.7645692291134484
0.7645692291134484
0.7645692291134484
2.660197162141725
2.660197162141725
2.660197162141725
2007.9994659060128
2007.9994659060128
79081571.71544994
225.17845004027137
225.17845004027137
225.17845004027137
203345.0048448137
203345.0048448137
8003903595.50187
183406596.21714267
183406596.21714267
7222349221611.414
2.844080212137971e+17
22971.750028190996
22971.750028190996
22971.750028190996
20572915.47867396
20572915.47867396
810141364446.6179
18564289205.019497
18564289205.019497
731040295029720.9
2.8787552384847356e+19
16751737488215.422
16751737488215.422
6.596647896467885e+17
2.5976865652623484e+22
1.0229400752159708e+27
0.0
0.0
0.0
0.0
0.0
0.0
1.0
1.0
1.0
1.0
1.0
0.6528150874271592
0.6528150874271592
0.6528150874271592
0.6528150874271592
33.926017771030494
33.926017771030494
33.926017771030494
25586.624179051003
25586.624179051003
1007691440.9646877
0.310560222365748
0.310560222365748
0.310560222365748
0.310560222365748
0.310560222365748
0.6353026083456731
0.6353026083456731
0.6353026083456731
0.6353026083456731
1.0
1.0
1.0
59.989216625175196
59.989216625175196
2059361.4994598322
0.7777897191890931
0.7777897191890931
0.7777897191890931
0.7777897191890931
9.499990158026153
9.499990158026153
9.499990158026153
7167.839900752661
7167.839900752661
282293848.62143075
803.8020618888668
803.8020618888668
803.8020618888668
725870.2280415499
725870.2280415499
28571085268.65653
654696328.8704705
654696328.8704705
25781218590681.15
1.0152354998798981e+18
0.25984403295701297
0.25984403295701297
0.25984403295701297
0.25984403295701297
0.25984403295701297
0.2863787251222217
0.2863787251222217
0.2863787251222217
0.2863787251222217
0.4115944511281168
0.4115944511281168
0.4115944511281168
0.7561913335990007
0.7561913335990007
4344.164282801813
0.5071671932631576
0.5071671932631576
0.5071671932631576
0.5071671932631576
0.8048908846039413
0.8048908846039413
0.8048908846039413
16.915304001563594
16.915304001563594
577032.5668936191
4.531927018446585
4.531927018446585
4.531927018446585
1550.6803700369587
1550.6803700369587
58225892.36226412
1334686.9276205671
1334686.9276205671
52468622944.664825
2066055345086534.5
0.7645692291134484
0.7645692291134484
0.7645692291134484
0.7645692291134484
2.660197162141725
2.660197162141725
2.660197162141725
2007.9994659060128
2007.9994659060128
79081571.71544994
225.17845004027137
225.17845004027137
225.17845004027137
203345.0048448137
203345.0048448137
8003903595.50187
183406596.21714267
183406596.21714267
7222349221611.414
2.844080212137971e+17
22971.750028190996
22971.750028190996
22971.750028190996
20572915.47867396
20572915.47867396
810141364446.6179
18564289205.019497
18564289205.019497
731040295029720.9
2.8787552384847356e+19
16751737488215.422
16751737488215.422
6.596647896467885e+17
2.5976865652623484e+22
1.0229400752159708e+27
0.09645022403528598
0.09645022403528598
0.09645022403528598
0.09645022403528598
0.09645022403528598
0.18339211888934467
0.18339211888934467
0.18339211888934467
0.18339211888934467
0.26536024070389486
0.26536024070389486
0.26536024070389486
0.4746112131025892
0.4746112131025892
29.17143138904856
0.2640783918910708
0.2640783918910708
0.2640783918910708
0.2640783918910708
0.37282844232097
0.37282844232097
0.37282844232097
0.7087379380547962
0.7087379380547962
1215.669593239428
0.5137681594535687
0.5137681594535687
0.5137681594535687
3.659507919216658
3.659507919216658
118742.34756738819
2711.348494398805
2711.348494398805
106779766.40154725
4204514627674.7417
0.44883899693278606
0.44883899693278606
0.44883899693278606
0.44883899693278606
0.6897364714413308
0.6897364714413308
0.6897364714413308
5.607687250767084
5.607687250767084
161686.08022760152
1.4764017151788393
1.4764017151788393
1.4764017151788393
435.437385183569
435.437385183569
16312552.176080272
373931.73599738994
373931.73599738994
14698593886.247585
578784680032802.5
68.34694897360905
68.34694897360905
68.34694897360905
42561.85404253065
42561.85404253065
1649448874.1160443
37801173.1062802
37801173.1062802
1487726257920.5918
5.858406214337493e+16
34091277110.357433
34091277110.357433
1342449916315730.2
5.286415463085258e+19
2.081731574874348e+24
0.7177815929055544
0.7177815929055544
0.7177815929055544
0.7177815929055544
1.133290693993606
1.133290693993606
1.133290693993606
562.5211812086739
562.5211812086739
22154037.186528325
63.0818583688681
63.0818583688681
63.0818583688681
56964.991160064856
56964.991160064856
2242213492.568152
51379514.52084748
51379514.52084748
2023268531837.294
7.96740485732785e+16
6435.179435766349
6435.179435766349
6435.179435766349
5763295.494673813
5763295.494673813
226952970331.00403
5200599017.401548
5200599017.401548
204793591121057.28
8.064543458301341e+18
4692830886508.551
4692830886508.551
1.8479846056548902e+17
7.277157820499087e+21
2.8656638055591627e+26
646475.0153808768
646475.0153808768
646475.0153808768
583366588.2894468
583366588.2894468
22971939386072.137
526399898500.2763
526399898500.2763
2.0729042752707508e+16
8.162866360887623e+20
475004588990803.5
475004588990803.5
1.8705152319704072e+19
7.365880924014316e+23
2.90060197684492e+28
4.2862728325681e+17
4.2862728325681e+17
1.6878865650620192e+22
6.646709548811856e+26
2.6174002886705082e+31
1.0307031202163868e+36
0.0
0.0
0.0
0.0
0.0
0.0
1.0
1.0
1.0
1.0
1.0
0.6528150874271592
0.6528150874271592
0.6528150874271592
0.6528150874271592
33.926017771030494
33.926017771030494
33.926017771030494
25586.624179051003
25586.624179051003
1007691440.9646877
0.310560222365748
0.310560222365748
0.310560222365748
0.310560222365748
0.310560222365748
0.6353026083456731
0.6353026083456731
0.6353026083456731
0.6353026083456731
1.0
1.0
1.0
59.989216625175196
59.989216625175196
2059361.4994598322
0.7777897191890931
0.7777897191890931
0.7777897191890931
0.7777897191890931
9.499990158026153
9.499990158026153
9.499990158026153
7167.839900752661
7167.839900752661
282293848.62143075
803.8020618888668
803.8020618888668
803.8020618888668
725870.2280415499
725870.2280415499
28571085268.65653
654696328.8704705
654696328.8704705
25781218590681.15
1.0152354998798981e+18
0.25984403295701297
0.25984403295701297
0.25984403295701297
0.25984403295701297
0.25984403295701297
0.2863787251222217
0.2863787251222217
0.2863787251222217
0.2863787251222217
0.4115944511281168
0.4115944511281168
0.4115944511281168
0.7561913335990007
0.7561913335990007
4344.164282801813
0.5071671932631576
0.5071671932631576
0.5071671932631576
0.5071671932631576
0.8048908846039413
0.8048908846039413
0.8048908846039413
16.915304001563594
16.915304001563594
577032.5668936191
4.531927018446585
4.531927018446585
4.531927018446585
1550.6803700369587
1550.6803700369587
58225892.36226412
1334686.9276205671
1334686.9276205671
52468622944.664825
2066055345086534.5
0.7645692291134484
0.7645692291134484
0.7645692291134484
0.7645692291134484
2.660197162141725
2.660197162141725
2.660197162141725
2007.9994659060128
2007.9994659060128
79081571.71544994
225.17845004027137
225.17845004027137
225.17845004027137
203345.0048448137
203345.0048448137
8003903595.50187
183406596.21714267
183406596.21714267
7222349221611.414
2.844080212137971e+17
22971.750028190996
22971.750028190996
22971.750028190996
20572915.47867396
20572915.47867396
810141364446.6179
18564289205.019497
18564289205.019497
731040295029720.9
2.8787552384847356e+19
16751737488215.422
16751737488215.422
6.596647896467885e+17
2.5976865652623484e+22
1.0229400752159708e+27
0.09645022403528598
0.09645022403528598
0.09645022403528598
0.09645022403528598
0.09645022403528598
0.18339211888934467
0.18339211888934467
0.18339211888934467
0.18339211888934467
0.26536024070389486
0.26536024070389486
0.26536024070389486
0.4746112131025892
0.4746112131025892
29.17143138904856
0.2640783918910708
0.2640783918910708
0.2640783918910708
0.2640783918910708
0.37282844232097
0.37282844232097
0.37282844232097
0.7087379380547962
0.7087379380547962
1215.669593239428
0.5137681594535687
0.5137681594535687
0.5137681594535687
3.659507919216658
3.659507919216658
118742.34756738819
2711.348494398805
2711.348494398805
106779766.40154725
4204514627674.7417
0.44883899693278606
0.44883899693278606
0.44883899693278606
0.44883899693278606
0.6897364714413308
0.6897364714413308
0.6897364714413308
5.607687250767084
5.607687250767084
161686.08022760152
1.4764017151788393
1.4764017151788393
1.4764017151788393
435.437385183569
435.437385183569
16312552.176080272
373931.73599738994
373931.73599738994
14698593886.247585
578784680032802.5
68.34694897360905
68.34694897360905
68.34694897360905
42561.85404253065
42561.85404253065
1649448874.1160443
37801173.1062802
37801173.1062802
1487726257920.5918
5.858406214337493e+16
34091277110.357433
34091277110.357433
1342449916315730.2
5.286415463085258e+19
2.081731574874348e+24
0.7177815929055544
0.7177815929055544
0.7177815929055544
0.7177815929055544
1.133290693993606
1.133290693993606
1.133290693993606
562.5211812086739
562.5211812086739
22154037.186528325
63.0818583688681
63.0818583688681
63.0818583688681
56964.991160064856
56964.991160064856
2242213492.568152
51379514.52084748
51379514.52084748
2023268531837.294
7.96740485732785e+16
6435.179435766349
6435.179435766349
6435.179435766349
5763295.494673813
5763295.494673813
226952970331.00403
5200599017.401548
5200599017.401548
204793591121057.28
8.064543458301341e+18
4692830886508.551
4692830886508.551
1.8479846056548902e+17
7.277157820499087e+21
2.8656638055591627e+26
646475.0153808768
646475.0153808768
646475.0153808768
583366588.2894468
583366588.2894468
22971939386072.137
526399898500.2763
526399898500.2763
2.0729042752707508e+16
8.162866360887623e+20
475004588990803.5
475004588990803.5
1.8705152319704072e+19
7.365880924014316e+23
2.90060197684492e+28
4.2862728325681e+17
4.2862728325681e+17
1.6878865650620192e+22
6.646709548811856e+26
2.6174002886705082e+31
1.0307031202163868e+36
0.07075719690021011
0.07075719690021011
0.07075719690021011
0.07075719690021011
0.07075719690021011
0.08893938687351498
0.08893938687351498
0.08893938687351498
0.08893938687351498
0.1245129023904936
0.1245129023904936
0.1245129023904936
0.24372204564844868
0.24372204564844868
9.878182139677616
0.15369312615191777
0.15369312615191777
0.15369312615191777
0.15369312615191777
0.21746263600654633
0.21746263600654633
0.21746263600654633
0.41350530853385636
0.41350530853385636
8.050355858363798
0.3169172647111623
0.3169172647111623
0.3169172647111623
0.5948271830551052
0.5948271830551052
300.0102694391176
7.191528025839448
7.191528025839448
219158.55195544809
8558487015.720158
0.2435141091482685
0.2435141091482685
0.2435141091482685
0.2435141091482685
0.34257985606766644
0.34257985606766644
0.34257985606766644
0.6632833820701822
0.6632833820701822
347.8839906016797
0.47589738045951924
0.47589738045951924
0.47589738045951924
1.179952337973005
1.179952337973005
33281.63398317831
759.5572674346006
759.5572674346006
29913209.91350208
1177852513584.9998
1.0040709063976594
1.0040709063976594
1.0040709063976594
85.1895654422745
85.1895654422745
3358466.614654993
76921.8942083337
76921.8942083337
3027582801.6190567
119221326100235.38
69375948.05070484
69375948.05070484
2731948138607.2534
1.0758106038530341e+17
4.236422496871568e+21
0.4094930153463705
0.4094930153463705
0.4094930153463705
0.4094930153463705
0.6070561135348551
0.6070561135348551
0.6070561135348551
2.4460690071597178
2.4460690071597178
45305.37575722208
1.0739109197062844
1.0739109197062844
1.0739109197062844
122.28621054175497
122.28621054175497
4570136.736467519
104762.80498635386
104762.80498635386
4117674082.3963404
162140722808308.4
19.451435706439824
19.451435706439824
19.451435706439824
11932.923969551459
11932.923969551459
462087331.64830315
10589924.198747022
10589924.198747022
416771900310.4756
1.6411736567545e+16
9550338305.458786
9550338305.458786
376073861998990.7
1.480936159718822e+19
5.8317617734224144e+23
1521.2481914422174
1521.2481914422174
1521.2481914422174
1193668.5559850114
1193668.5559850114
46756234005.686195
1071454919.5014616
1071454919.5014616
42184815631622.25
1.6611822818347955e+18
966663394326.1494
966663394326.1494
3.806587951255306e+16
1.4989917146040537e+21
5.902862607245242e+25
872277059062041.9
872277059062041.9
3.4349292441003733e+19
1.3526369205954625e+24
5.326533737894878e+28
2.0975297386956705e+33
0.6653201310634572
0.6653201310634572
0.6653201310634572
0.6653201310634572
0.9908418288875835
0.9908418288875835
0.9908418288875835
157.58473947811427
157.58473947811427
6206845.916619454
17.671852489696214
17.671852489696214
17.671852489696214
15958.150682843552
15958.150682843552
628133812.1582979
14393454.580399204
14393454.580399204
566798340391.3772
2.231988390821512e+16
1802.715787667417
1802.715787667417
1802.715787667417
1614529.3064216946
1614529.3064216946
63578596316.39063
1456895539.6731942
1456895539.6731942
57370866215855.22
2.2592007935034028e+18
1314649405463.834
1314649405463.834
5.17694313283922e+16
2.0386226210898809e+21
8.027869124941698e+25
181103.47819741777
181103.47819741777
181103.47819741777
163424278.75602585
163424278.75602585
6435358007245.115
147465640747.7067
147465640747.7067
5807032981594186.0
2.286744966470696e+20
133067761359239.66
133067761359239.66
5.240060417893254e+18
2.0634775067884302e+23
8.125744900182117e+27
1.2007562529456106e+17
1.2007562529456106e+17
4.728444563448034e+21
1.862008874378468e+26
7.332383835211278e+30
2.88741119586842e+35
18336514.36247279
18336514.36247279
18336514.36247279
16541379861.98043
16541379861.98043
651381320336971.5
14926354803490.756
14926354803490.756
5.87783226871902e+17
2.314624959652478e+22
1.346901230750411e+16
1.346901230750411e+16
5.3039472305119206e+20
2.0886354232311837e+25
8.224813976819554e+29
1.215395872422637e+19
1.215395872422637e+19
4.7860937565404416e+23
1.884710485386657e+28
7.421780254251007e+32
2.9226145113258497e+37
1.0967301038555426e+22
1.0967301038555426e+22
4.3188011591965625e+26
1.7006958582705285e+31
6.697151120698102e+35
2.637263618615416e+40
1.0385250786079742e+45
0.0
0.0
0.0
0.0
0.0
0.0
1.0
1.0
1.0
1.0
1.0
0.6528150874271592
0.6528150874271592
0.6528150874271592
0.6528150874271592
33.926017771030494
33.926017771030494
33.926017771030494
25586.624179051003
25586.624179051003
1007691440.9646877
0.310560222365748
0.310560222365748
0.310560222365748
0.310560222365748
0.310560222365748
0.6353026083456731
0.6353026083456731
0.6353026083456731
0.6353026083456731
1.0
1.0
1.0
59.989216625175196
59.989216625175196
2059361.4994598322
0.7777897191890931
0.7777897191890931
0.7777897191890931
0.7777897191890931
9.499990158026153
9.499990158026153
9.499990158026153
7167.839900752661
7167.839900752661
282293848.62143075
803.8020618888668
803.8020618888668
803.8020618888668
725870.2280415499
725870.2280415499
28571085268.65653
654696328.8704705
654696328.8704705
25781218590681.15
1.0152354998798981e+18
0.25984403295701297
0.25984403295701297
0.25984403295701297
0.25984403295701297
0.25984403295701297
0.2863787251222217
0.2863787251222217
0.2863787251222217
0.2863787251222217
0.4115944511281168
0.4115944511281168
0.4115944511281168
0.7561913335990007
0.7561913335990007
4344.164282801813
0.5071671932631576
0.5071671932631576
0.5071671932631576
0.5071671932631576
0.8048908846039413
0.8048908846039413
0.8048908846039413
16.915304001563594
16.915304001563594
577032.5668936191
4.531927018446585
4.531927018446585
4.531927018446585
1550.6803700369587
1550.6803700369587
58225892.36226412
1334686.9276205671
1334686.9276205671
52468622944.664825
2066055345086534.5
0.7645692291134484
0.7645692291134484
0.7645692291134484
0.7645692291134484
2.660197162141725
2.660197162141725
2.660197162141725
2007.9994659060128
2007.9994659060128
79081571.71544994
225.17845004027137
225.17845004027137
225.17845004027137
203345.0048448137
203345.0048448137
8003903595.50187
183406596.21714267
183406596.21714267
7222349221611.414
2.844080212137971e+17
22971.750028190996
22971.750028190996
22971.750028190996
20572915.47867396
20572915.47867396
810141364446.6179
18564289205.019497
18564289205.019497
731040295029720.9
2.8787552384847356e+19
16751737488215.422
16751737488215.422
6.596647896467885e+17
2.5976865652623484e+22
1.0229400752159708e+27
0.09645022403528598
0.09645022403528598
0.09645022403528598
0.09645022403528598
0.09645022403528598
0.18339211888934467
0.18339211888934467
0.18339211888934467
0.18339211888934467
0.26536024070389486
0.26536024070389486
0.26536024070389486
0.4746112131025892
0.4746112131025892
29.17143138904856
0.2640783918910708
0.2640783918910708
0.2640783918910708
0.2640783918910708
0.37282844232097
0.37282844232097
0.37282844232097
0.7087379380547962
0.7087379380547962
1215.669593239428
0.5137681594535687
0.5137681594535687
0.5137681594535687
3.659507919216658
3.659507919216658
118742.34756738819
2711.348494398805
2711.348494398805
106779766.40154725
4204514627674.7417
0.44883899693278606
0.44883899693278606
0.44883899693278606
0.44883899693278606
0.6897364714413308
0.6897364714413308
0.6897364714413308
5.607687250767084
5.607687250767084
161686.08022760152
1.4764017151788393
1.4764017151788393
1.4764017151788393
435.437385183569
435.437385183569
16312552.176080272
373931.73599738994
373931.73599738994
14698593886.247585
578784680032802.5
68.34694897360905
68.34694897360905
68.34694897360905
42561.85404253065
42561.85404253065
1649448874.1160443
37801173.1062802
37801173.1062802
1487726257920.5918
5.858406214337493e+16
34091277110.357433
34091277110.357433
1342449916315730.2
5.286415463085258e+19
2.081731574874348e+24
0.7177815929055544
0.7177815929055544
0.7177815929055544
0.7177815929055544
1.133290693993606
1.133290693993606
1.133290693993606
562.5211812086739
562.5211812086739
22154037.186528325
63.0818583688681
63.0818583688681
63.0818583688681
56964.991160064856
56964.991160064856
2242213492.568152
51379514.52084748
51379514.52084748
2023268531837.294
7.96740485732785e+16
6435.179435766349
6435.179435766349
6435.179435766349
5763295.494673813
5763295.494673813
226952970331.00403
5200599017.401548
5200599017.401548
204793591121057.28
8.064543458301341e+18
4692830886508.551
4692830886508.551
1.8479846056548902e+17
7.277157820499087e+21
2.8656638055591627e+26
646475.0153808768
646475.0153808768
646475.0153808768
583366588.2894468
583366588.2894468
22971939386072.137
526399898500.2763
526399898500.2763
2.0729042752707508e+16
8.162866360887623e+20
475004588990803.5
475004588990803.5
1.8705152319704072e+19
7.365880924014316e+23
2.90060197684492e+28
4.2862728325681e+17
4.2862728325681e+17
1.6878865650620192e+22
6.646709548811856e+26
2.6174002886705082e+31
1.0307031202163868e+36
0.07075719690021011
0.07075719690021011
0.07075719690021011
0.07075719690021011
0.07075719690021011
0.08893938687351498
0.08893938687351498
0.08893938687351498
0.08893938687351498
0.1245129023904936
0.1245129023904936
0.1245129023904936
0.24372204564844868
0.24372204564844868
9.878182139677616
0.15369312615191777
0.15369312615191777
0.15369312615191777
0.15369312615191777
0.21746263600654633
0.21746263600654633
0.21746263600654633
0.41350530853385636
0.41350530853385636
8.050355858363798
0.3169172647111623
0.3169172647111623
0.3169172647111623
0.5948271830551052
0.5948271830551052
300.0102694391176
7.191528025839448
7.191528025839448
219158.55195544809
8558487015.720158
0.2435141091482685
0.2435141091482685
0.2435141091482685
0.2435141091482685
0.34257985606766644
0.34257985606766644
0.34257985606766644
0.6632833820701822
0.6632833820701822
347.8839906016797
0.47589738045951924
0.47589738045951924
0.47589738045951924
1.179952337973005
1.179952337973005
33281.63398317831
759.5572674346006
759.5572674346006
29913209.91350208
1177852513584.9998
1.0040709063976594
1.0040709063976594
1.0040709063976594
85.1895654422745
85.1895654422745
3358466.614654993
76921.8942083337
76921.8942083337
3027582801.6190567
119221326100235.38
69375948.05070484
69375948.05070484
2731948138607.2534
1.0758106038530341e+17
4.236422496871568e+21
0.4094930153463705
0.4094930153463705
0.4094930153463705
0.4094930153463705
0.6070561135348551
0.6070561135348551
0.6070561135348551
2.4460690071597178
2.4460690071597178
45305.37575722208
1.0739109197062844
1.0739109197062844
1.0739109197062844
122.28621054175497
122.28621054175497
4570136.736467519
104762.80498635386
104762.80498635386
4117674082.3963404
162140722808308.4
19.451435706439824
19.451435706439824
19.451435706439824
11932.923969551459
11932.923969551459
462087331.64830315
10589924.198747022
10589924.198747022
416771900310.4756
1.6411736567545e+16
9550338305.458786
9550338305.458786
376073861998990.7
1.480936159718822e+19
5.8317617734224144e+23
1521.2481914422174
1521.2481914422174
1521.2481914422174
1193668.5559850114
1193668.5559850114
46756234005.686195
1071454919.5014616
1071454919.5014616
42184815631622.25
1.6611822818347955e+18
966663394326.1494
966663394326.1494
3.806587951255306e+16
1.4989917146040537e+21
5.902862607245242e+25
872277059062041.9
872277059062041.9
3.4349292441003733e+19
1.3526369205954625e+24
5.326533737894878e+28
2.0975297386956705e+33
0.6653201310634572
0.6653201310634572
0.6653201310634572
0.6653201310634572
0.9908418288875835
0.9908418288875835
0.9908418288875835
157.58473947811427
157.58473947811427
6206845.916619454
17.671852489696214
17.671852489696214
17.671852489696214
15958.150682843552
15958.150682843552
628133812.1582979
14393454.580399204
14393454.580399204
566798340391.3772
2.231988390821512e+16
1802.715787667417
1802.715787667417
1802.715787667417
1614529.3064216946
1614529.3064216946
63578596316.39063
1456895539.6731942
1456895539.6731942
57370866215855.22
2.2592007935034028e+18
1314649405463.834
1314649405463.834
5.17694313283922e+16
2.0386226210898809e+21
8.027869124941698e+25
181103.47819741777
181103.47819741777
181103.47819741777
163424278.75602585
163424278.75602585
6435358007245.115
147465640747.7067
147465640747.7067
5807032981594186.0
2.286744966470696e+20
133067761359239.66
133067761359239.66
5.240060417893254e+18
2.0634775067884302e+23
8.125744900182117e+27
1.2007562529456106e+17
1.2007562529456106e+17
4.728444563448034e+21
1.862008874378468e+26
7.332383835211278e+30
2.88741119586842e+35
18336514.36247279
18336514.36247279
18336514.36247279
16541379861.98043
16541379861.98043
651381320336971.5
14926354803490.756
14926354803490.756
5.87783226871902e+17
2.314624959652478e+22
1.346901230750411e+16
1.346901230750411e+16
5.3039472305119206e+20
2.0886354232311837e+25
8.224813976819554e+29
1.215395872422637e+19
1.215395872422637e+19
4.7860937565404416e+23
1.884710485386657e+28
7.421780254251007e+32
2.9226145113258497e+37
1.0967301038555426e+22
1.0967301038555426e+22
4.3188011591965625e+26
1.7006958582705285e+31
6.697151120698102e+35
2.637263618615416e+40
1.0385250786079742e+45
0.029954002469650232
0.029954002469650232
0.029954002469650232
0.029954002469650232
0.029954002469650232
0.05422867465708143
0.05422867465708143
0.05422867465708143
0.05422867465708143
0.07759566523256947
0.07759566523256947
0.07759566523256947
0.14312738177854886
0.14312738177854886
4.078668388101393
0.08201343870244458
0.08201343870244458
0.08201343870244458
0.08201343870244458
0.11479555422681856
0.11479555422681856
0.11479555422681856
0.2247430391717746
0.2247430391717746
3.040417175790079
0.16059220122764
0.16059220122764
0.16059220122764
0.3157654584764049
0.3157654584764049
6.85876993959401
0.6150515406723398
0.6150515406723398
457.2009915504455
17412649.36536606
0.13749625601146895
0.13749625601146895
0.13749625601146895
0.13749625601146895
0.19305941086045125
0.19305941086045125
0.19305941086045125
0.37468223586995425
0.37468223586995425
2.919921513776461
0.27348083620463737
0.27348083620463737
0.27348083620463737
0.529030514484068
0.529030514484068
84.86694358314433
2.929241697845624
2.929241697845624
61421.09473475081
2397603274.4445243
0.39400821599905883
0.39400821599905883
0.39400821599905883
0.971621942269883
0.971621942269883
7382.607472747269
172.1400256514449
172.1400256514449
6178759.828534492
242640655171.9941
141679.834791882
141679.834791882
5560199255.264352
218933183766976.06
8.621321420431962e+18
0.2245510719582984
0.2245510719582984
0.2245510719582984
0.2245510719582984
0.31522972885889367
0.31522972885889367
0.31522972885889367
0.6142571611980303
0.6142571611980303
103.00458637083132
0.4394368389584132
0.4394368389584132
0.4394368389584132
0.912185077979622
0.912185077979622
9360.097192674672
212.7823984706118
212.7823984706118
8379866.458721703
329963543141.88025
0.7093969753169015
0.7093969753169015
0.7093969753169015
23.862797921405203
23.862797921405203
940852.2009234938
21548.86686093042
21548.86686093042
848147027.9163829
33398655937879.42
19434974.552569915
19434974.552569915
765327812437.2719
3.0137752775475e+16
1.1867911824295773e+21
5.4880459122631535
5.4880459122631535
5.4880459122631535
2436.239307632185
2436.239307632185
95163002.80342256
2180042.0344872354
2180042.0344872354
85847945762.39041
3380584211471716.0
1967194957.6320415
1967194957.6320415
77465859212907.88
3.0505192257501916e+18
1.201260539280316e+23
1775124769072.4504
1775124769072.4504
6.9902438970608376e+16
2.7526802921355723e+21
1.0839748808562637e+26
4.2685725097908894e+30
0.375179189258995
0.375179189258995
0.375179189258995
0.375179189258995
0.5437910140214012
0.5437910140214012
0.5437910140214012
1.4338386130838618
1.4338386130838618
12716.807615105477
0.8848430538465163
0.8848430538465163
0.8848430538465163
34.41027994096831
34.41027994096831
1280377.6052472154
29351.065797168267
29351.065797168267
1153528165.4474988
45422097364393.53
5.538720204393955
5.538720204393955
5.538720204393955
3345.725544429342
3345.725544429342
129452299.36767031
2966750.646643511
2966750.646643511
116754559537.67278
4597583158625803.0
2675434130.295863
2675434130.295863
105353315726607.64
4.148693806921922e+18
1.6337094461394735e+23
429.0172218348929
429.0172218348929
429.0172218348929
334484.63949240424
334484.63949240424
13098390268.412539
300160188.56673414
300160188.56673414
11817655307899.648
4.653635233933886e+17
270801124656.6999
270801124656.6999
1.0663773648838998e+16
4.1992746267471407e+20
1.6536276300770323e+25
244359653755491.34
244359653755491.34
9.622609037665298e+18
3.789276380272802e+23
1.4921748899667466e+28
5.876018741366956e+32
39231.31723359076
39231.31723359076
39231.31723359076
33723492.166727364
33723492.166727364
1325659848253.7346
30377770139.775738
30377770139.775738
1196168906062818.8
4.71037182419733e+19
27410140070511.49
27410140070511.49
1.0793784879271626e+18
4.250472163613487e+22
1.673788656900561e+27
2.4733884435251004e+16
2.4733884435251004e+16
9.739927833700282e+20
3.8354752349540994e+25
1.510367485267067e+30
5.947659158111263e+34
2.231897788371262e+19
2.231897788371262e+19
8.788965212148258e+23
3.460996740222783e+28
1.3629020194731608e+33
5.366956556475549e+37
2.1134477950390064e+42
0.6144347197085354
0.6144347197085354
0.6144347197085354
0.6144347197085354
0.8923434889454154
0.8923434889454154
0.8923434889454154
44.145803655561856
44.145803655561856
1739125.0433803573
4.950620351101139
4.950620351101139
4.950620351101139
4470.51019963292
4470.51019963292
175967612.84293804
4032181.6328934897
4032181.6328934897
158782857372.6241
6252691140930431.0
505.0029149949792
505.0029149949792
505.0029149949792
452294.1576912031
452294.1576912031
17810905518.59967
408134641.1121076
408134641.1121076
16071871548143.475
6.328923951814499e+17
368285817470.0312
368285817470.0312
1.4502685854980892e+16
5.7109963721170885e+20
2.248926847670362e+25
50734.3192445658
50734.3192445658
50734.3192445658
45781667.01052047
45781667.01052047
1802800886402.325
41311017086.22438
41311017086.22438
1626781923877499.0
6.4060861840575906e+19
37277595887610.84
37277595887610.84
1.4679502585096689e+18
5.780624836250101e+22
2.2763457623598602e+27
3.3637979552601804e+16
3.3637979552601804e+16
1.3246262191073093e+21
5.216230712058019e+25
2.05409363403779e+30
8.088792253074769e+34
5136786.306684255
5136786.306684255
5136786.306684255
4633901311.812175
4633901311.812175
182477930515979.3
4181468273749.9517
4181468273749.9517
1.6466156323781968e+17
6.484189182752439e+21
3773208421626995.5
3773208421626995.5
1.4858475069396487e+20
5.851102210556029e+24
2.304098968441862e+29
3.404809377804714e+18
3.404809377804714e+18
1.3407760611231741e+23
5.279826993570713e+27
2.0791371423131573e+32
8.187410803062403e+36
3.0723791541968044e+21
3.0723791541968044e+21
1.2098687367101085e+26
4.7643285109163527e+30
1.8761395737568664e+35
7.388028957599298e+39
2.90932362612161e+44
519789704.57978755
519789704.57978755
519789704.57978755
469040106902.72784
469040106902.72784
1.8470266393883308e+16
423244855440067.06
423244855440067.06
1.6666911647051743e+19
6.563244413103495e+23
3.819211376674974e+17
3.819211376674974e+17
1.5039629587439986e+22
5.922438844973303e+26
2.3321905415947353e+31
3.4463208115452766e+20
3.4463208115452766e+20
1.357122802004158e+25
5.344198640906994e+29
2.10448598102544e+34
8.287231710348551e+38
3.1098375988841796e+23
3.1098375988841796e+23
1.2246194555759944e+28
4.822415201081094e+32
1.8990134662428538e+37
7.478103801935685e+41
2.9447940979147026e+46
2.8062070887408425e+26
2.8062070887408425e+26
1.1050531379774908e+31
4.351576341793902e+35
1.7136023606175323e+40
6.747975491344496e+44
2.6572776904541876e+49
1.046406397480654e+54
