[43.48814574]
[0.14875317]
[0.51000476]
[3.41349216]
[0.65509442]
[0.75184932]
[1.00971181]
[-0.15217192]
[-0.15217192]
[-0.15217192]
[-0.15217192]
[-0.15217192]
[-0.15217192]
[0.14875317]
[0.14875317]
[0.14875317]
[0.14875317]
[0.14875317]
[0.51000476]
[0.51000476]
[0.51000476]
[0.51000476]
[-0.12281847]
[-0.12281847]
[-0.12281847]
[0.33717844]
[0.33717844]
[-0.34192384]
[-0.15217192]
[-0.15217192]
[-0.15217192]
[-0.15217192]
[-0.15217192]
[-0.15217192]
[0.14875317]
[0.14875317]
[0.14875317]
[0.14875317]
[0.14875317]
[0.51000476]
[0.51000476]
[0.51000476]
[0.51000476]
[-0.12281847]
[-0.12281847]
[-0.12281847]
[0.33717844]
[0.33717844]
[-0.34192384]
[0.00354325]
[0.00354325]
[0.00354325]
[0.00354325]
[0.00354325]
[-0.35336323]
[-0.35336323]
[-0.35336323]
[-0.35336323]
[3.41349216]
[3.41349216]
[3.41349216]
[0.11536288]
[0.11536288]
[-0.34303871]
[0.80257449]
[0.80257449]
[0.80257449]
[0.80257449]
[1.17710226]
[1.17710226]
[1.17710226]
[0.33833996]
[0.33833996]
[-0.34194095]
[0.32019432]
[0.32019432]
[0.32019432]
[0.34214396]
[0.34214396]
[-0.3411453]
[0.34111184]
[0.34111184]
[-0.34093689]
[0.34092845]
[-0.15217192]
[-0.15217192]
[-0.15217192]
[-0.15217192]
[-0.15217192]
[-0.15217192]
[0.14875317]
[0.14875317]
[0.14875317]
[0.14875317]
[0.14875317]
[0.51000476]
[0.51000476]
[0.51000476]
[0.51000476]
[-0.12281847]
[-0.12281847]
[-0.12281847]
[0.33717844]
[0.33717844]
[-0.34192384]
[0.00354325]
[0.00354325]
[0.00354325]
[0.00354325]
[0.00354325]
[-0.35336323]
[-0.35336323]
[-0.35336323]
[-0.35336323]
[3.41349216]
[3.41349216]
[3.41349216]
[0.11536288]
[0.11536288]
[-0.34303871]
[0.80257449]
[0.80257449]
[0.80257449]
[0.80257449]
[1.17710226]
[1.17710226]
[1.17710226]
[0.33833996]
[0.33833996]
[-0.34194095]
[0.32019432]
[0.32019432]
[0.32019432]
[0.34214396]
[0.34214396]
[-0.3411453]
[0.34111184]
[0.34111184]
[-0.34093689]
[0.34092845]
[-0.49127991]
[-0.49127991]
[-0.49127991]
[-0.49127991]
[-0.49127991]
[0.24849785]
[0.24849785]
[0.24849785]
[0.24849785]
[0.54188023]
[0.54188023]
[0.54188023]
[-0.26478494]
[-0.26478494]
[-0.36910995]
[-0.47357162]
[-0.47357162]
[-0.47357162]
[-0.47357162]
[0.38297292]
[0.38297292]
[0.38297292]
[0.05385644]
[0.05385644]
[-0.34067116]
[-2.67759031]
[-2.67759031]
[-2.67759031]
[0.26969389]
[0.26969389]
[-0.33796104]
[0.33611162]
[0.33611162]
[-0.34084932]
[0.34092414]
[0.89639525]
[0.89639525]
[0.89639525]
[0.89639525]
[2.19931775]
[2.19931775]
[2.19931775]
[0.34039079]
[0.34039079]
[-0.34195359]
[0.36640121]
[0.36640121]
[0.36640121]
[0.34249463]
[0.34249463]
[-0.34115386]
[0.34112441]
[0.34112441]
[-0.34093724]
[0.34092847]
[0.29871664]
[0.29871664]
[0.29871664]
[0.3421969]
[0.3421969]
[-0.34100989]
[0.34099405]
[0.34099405]
[-0.34093086]
[0.34092836]
[0.34093107]
[0.34093107]
[-0.34092838]
[0.34092829]
[-0.34092829]
[-0.15217192]
[-0.15217192]
[-0.15217192]
[-0.15217192]
[-0.15217192]
[-0.15217192]
[0.14875317]
[0.14875317]
[0.14875317]
[0.14875317]
[0.14875317]
[0.51000476]
[0.51000476]
[0.51000476]
[0.51000476]
[-0.12281847]
[-0.12281847]
[-0.12281847]
[0.33717844]
[0.33717844]
[-0.34192384]
[0.00354325]
[0.00354325]
[0.00354325]
[0.00354325]
[0.00354325]
[-0.35336323]
[-0.35336323]
[-0.35336323]
[-0.35336323]
[3.41349216]
[3.41349216]
[3.41349216]
[0.11536288]
[0.11536288]
[-0.34303871]
[0.80257449]
[0.80257449]
[0.80257449]
[0.80257449]
[1.17710226]
[1.17710226]
[1.17710226]
[0.33833996]
[0.33833996]
[-0.34194095]
[0.32019432]
[0.32019432]
[0.32019432]
[0.34214396]
[0.34214396]
[-0.3411453]
[0.34111184]
[0.34111184]
[-0.34093689]
[0.34092845]
[-0.49127991]
[-0.49127991]
[-0.49127991]
[-0.49127991]
[-0.49127991]
[0.24849785]
[0.24849785]
[0.24849785]
[0.24849785]
[0.54188023]
[0.54188023]
[0.54188023]
[-0.26478494]
[-0.26478494]
[-0.36910995]
[-0.47357162]
[-0.47357162]
[-0.47357162]
[-0.47357162]
[0.38297292]
[0.38297292]
[0.38297292]
[0.05385644]
[0.05385644]
[-0.34067116]
[-2.67759031]
[-2.67759031]
[-2.67759031]
[0.26969389]
[0.26969389]
[-0.33796104]
[0.33611162]
[0.33611162]
[-0.34084932]
[0.34092414]
[0.89639525]
[0.89639525]
[0.89639525]
[0.89639525]
[2.19931775]
[2.19931775]
[2.19931775]
[0.34039079]
[0.34039079]
[-0.34195359]
[0.36640121]
[0.36640121]
[0.36640121]
[0.34249463]
[0.34249463]
[-0.34115386]
[0.34112441]
[0.34112441]
[-0.34093724]
[0.34092847]
[0.29871664]
[0.29871664]
[0.29871664]
[0.3421969]
[0.3421969]
[-0.34100989]
[0.34099405]
[0.34099405]
[-0.34093086]
[0.34092836]
[0.34093107]
[0.34093107]
[-0.34092838]
[0.34092829]
[-0.34092829]
[-0.04002041]
[-0.04002041]
[-0.04002041]
[-0.04002041]
[-0.04002041]
[-0.25242123]
[-0.25242123]
[-0.25242123]
[-0.25242123]
[-0.38360696]
[-0.38360696]
[-0.38360696]
[-0.38266986]
[-0.38266986]
[-0.69573013]
[0.27885229]
[0.27885229]
[0.27885229]
[0.27885229]
[0.50260364]
[0.50260364]
[0.50260364]
[0.65509442]
[0.65509442]
[-0.39605171]
[0.95872151]
[0.95872151]
[0.95872151]
[-3.43778877]
[-3.43778877]
[-0.34736501]
[0.34170135]
[0.34170135]
[-0.34235884]
[0.3409451]
[-0.47818847]
[-0.47818847]
[-0.47818847]
[-0.47818847]
[-0.42194178]
[-0.42194178]
[-0.42194178]
[-0.89452687]
[-0.89452687]
[-0.3365739]
[-1.46555026]
[-1.46555026]
[-1.46555026]
[0.26035537]
[0.26035537]
[-0.3377298]
[0.33590589]
[0.33590589]
[-0.34084307]
[0.340924]
[-0.35584169]
[-0.35584169]
[-0.35584169]
[0.28660805]
[0.28660805]
[-0.34020201]
[0.3395113]
[0.3395113]
[-0.3408928]
[0.34092725]
[0.3408778]
[0.3408778]
[-0.34092705]
[0.34092825]
[-0.34092829]
[0.89161766]
[0.89161766]
[0.89161766]
[0.89161766]
[2.07908583]
[2.07908583]
[2.07908583]
[0.34570063]
[0.34570063]
[-0.34195302]
[0.46319221]
[0.46319221]
[0.46319221]
[0.34295618]
[0.34295618]
[-0.3411598]
[0.34113778]
[0.34113778]
[-0.34093761]
[0.34092848]
[0.3052794]
[0.3052794]
[0.3052794]
[0.34231105]
[0.34231105]
[-0.34101308]
[0.3409981]
[0.3409981]
[-0.34093099]
[0.34092836]
[0.34093122]
[0.34093122]
[-0.34092838]
[0.34092829]
[-0.34092829]
[0.34139783]
[0.34139783]
[0.34139783]
[0.341323]
[0.341323]
[-0.34095509]
[0.34095236]
[0.34095236]
[-0.34092915]
[0.34092831]
[0.34092922]
[0.34092922]
[-0.34092832]
[0.34092829]
[-0.34092829]
[0.34092832]
[0.34092832]
[-0.34092829]
[0.34092829]
[-0.34092829]
[0.34092829]
[-0.15217192]
[-0.15217192]
[-0.15217192]
[-0.15217192]
[-0.15217192]
[-0.15217192]
[0.14875317]
[0.14875317]
[0.14875317]
[0.14875317]
[0.14875317]
[0.51000476]
[0.51000476]
[0.51000476]
[0.51000476]
[-0.12281847]
[-0.12281847]
[-0.12281847]
[0.33717844]
[0.33717844]
[-0.34192384]
[0.00354325]
[0.00354325]
[0.00354325]
[0.00354325]
[0.00354325]
[-0.35336323]
[-0.35336323]
[-0.35336323]
[-0.35336323]
[3.41349216]
[3.41349216]
[3.41349216]
[0.11536288]
[0.11536288]
[-0.34303871]
[0.80257449]
[0.80257449]
[0.80257449]
[0.80257449]
[1.17710226]
[1.17710226]
[1.17710226]
[0.33833996]
[0.33833996]
[-0.34194095]
[0.32019432]
[0.32019432]
[0.32019432]
[0.34214396]
[0.34214396]
[-0.3411453]
[0.34111184]
[0.34111184]
[-0.34093689]
[0.34092845]
[-0.49127991]
[-0.49127991]
[-0.49127991]
[-0.49127991]
[-0.49127991]
[0.24849785]
[0.24849785]
[0.24849785]
[0.24849785]
[0.54188023]
[0.54188023]
[0.54188023]
[-0.26478494]
[-0.26478494]
[-0.36910995]
[-0.47357162]
[-0.47357162]
[-0.47357162]
[-0.47357162]
[0.38297292]
[0.38297292]
[0.38297292]
[0.05385644]
[0.05385644]
[-0.34067116]
[-2.67759031]
[-2.67759031]
[-2.67759031]
[0.26969389]
[0.26969389]
[-0.33796104]
[0.33611162]
[0.33611162]
[-0.34084932]
[0.34092414]
[0.89639525]
[0.89639525]
[0.89639525]
[0.89639525]
[2.19931775]
[2.19931775]
[2.19931775]
[0.34039079]
[0.34039079]
[-0.34195359]
[0.36640121]
[0.36640121]
[0.36640121]
[0.34249463]
[0.34249463]
[-0.34115386]
[0.34112441]
[0.34112441]
[-0.34093724]
[0.34092847]
[0.29871664]
[0.29871664]
[0.29871664]
[0.3421969]
[0.3421969]
[-0.34100989]
[0.34099405]
[0.34099405]
[-0.34093086]
[0.34092836]
[0.34093107]
[0.34093107]
[-0.34092838]
[0.34092829]
[-0.34092829]
[-0.04002041]
[-0.04002041]
[-0.04002041]
[-0.04002041]
[-0.04002041]
[-0.25242123]
[-0.25242123]
[-0.25242123]
[-0.25242123]
[-0.38360696]
[-0.38360696]
[-0.38360696]
[-0.38266986]
[-0.38266986]
[-0.69573013]
[0.27885229]
[0.27885229]
[0.27885229]
[0.27885229]
[0.50260364]
[0.50260364]
[0.50260364]
[0.65509442]
[0.65509442]
[-0.39605171]
[0.95872151]
[0.95872151]
[0.95872151]
[-3.43778877]
[-3.43778877]
[-0.34736501]
[0.34170135]
[0.34170135]
[-0.34235884]
[0.3409451]
[-0.47818847]
[-0.47818847]
[-0.47818847]
[-0.47818847]
[-0.42194178]
[-0.42194178]
[-0.42194178]
[-0.89452687]
[-0.89452687]
[-0.3365739]
[-1.46555026]
[-1.46555026]
[-1.46555026]
[0.26035537]
[0.26035537]
[-0.3377298]
[0.33590589]
[0.33590589]
[-0.34084307]
[0.340924]
[-0.35584169]
[-0.35584169]
[-0.35584169]
[0.28660805]
[0.28660805]
[-0.34020201]
[0.3395113]
[0.3395113]
[-0.3408928]
[0.34092725]
[0.3408778]
[0.3408778]
[-0.34092705]
[0.34092825]
[-0.34092829]
[0.89161766]
[0.89161766]
[0.89161766]
[0.89161766]
[2.07908583]
[2.07908583]
[2.07908583]
[0.34570063]
[0.34570063]
[-0.34195302]
[0.46319221]
[0.46319221]
[0.46319221]
[0.34295618]
[0.34295618]
[-0.3411598]
[0.34113778]
[0.34113778]
[-0.34093761]
[0.34092848]
[0.3052794]
[0.3052794]
[0.3052794]
[0.34231105]
[0.34231105]
[-0.34101308]
[0.3409981]
[0.3409981]
[-0.34093099]
[0.34092836]
[0.34093122]
[0.34093122]
[-0.34092838]
[0.34092829]
[-0.34092829]
[0.34139783]
[0.34139783]
[0.34139783]
[0.341323]
[0.341323]
[-0.34095509]
[0.34095236]
[0.34095236]
[-0.34092915]
[0.34092831]
[0.34092922]
[0.34092922]
[-0.34092832]
[0.34092829]
[-0.34092829]
[0.34092832]
[0.34092832]
[-0.34092829]
[0.34092829]
[-0.34092829]
[0.34092829]
[-0.1122335]
[-0.1122335]
[-0.1122335]
[-0.1122335]
[-0.1122335]
[0.04601723]
[0.04601723]
[0.04601723]
[0.04601723]
[0.06363978]
[0.06363978]
[0.06363978]
[0.24127906]
[0.24127906]
[-16.16969627]
[-0.17028577]
[-0.17028577]
[-0.17028577]
[-0.17028577]
[-0.26481955]
[-0.26481955]
[-0.26481955]
[-0.46051863]
[-0.46051863]
[4.98562844]
[-0.34798676]
[-0.34798676]
[-0.34798676]
[-0.10863883]
[-0.10863883]
[-0.00905434]
[1.07078364]
[1.07078364]
[-0.3409007]
[0.34011394]
[0.25890805]
[0.25890805]
[0.25890805]
[0.25890805]
[0.43492614]
[0.43492614]
[0.43492614]
[0.85382881]
[0.85382881]
[-0.43923889]
[0.78322235]
[0.78322235]
[0.78322235]
[0.2077722]
[0.2077722]
[-0.34578256]
[0.34782384]
[0.34782384]
[-0.34241573]
[0.3409479]
[-0.88919508]
[-0.88919508]
[-0.88919508]
[0.29808596]
[0.29808596]
[-0.35271207]
[0.34647432]
[0.34647432]
[-0.34134761]
[0.34094052]
[0.3413411]
[0.3413411]
[-0.34094392]
[0.34092867]
[-0.3409283]
[-0.44796109]
[-0.44796109]
[-0.44796109]
[-0.44796109]
[-0.60122047]
[-0.60122047]
[-0.60122047]
[-1.39905095]
[-1.39905095]
[-0.32905542]
[-1.08818149]
[-1.08818149]
[-1.08818149]
[0.24044951]
[0.24044951]
[-0.33739179]
[0.33565387]
[0.33565387]
[-0.34083623]
[0.34092386]
[-0.38468995]
[-0.38468995]
[-0.38468995]
[0.28454784]
[0.28454784]
[-0.34013657]
[0.33944127]
[0.33944127]
[-0.34089098]
[0.34092719]
[0.34087546]
[0.34087546]
[-0.34092699]
[0.34092825]
[-0.34092829]
[-0.29566485]
[-0.29566485]
[-0.29566485]
[0.32485664]
[0.32485664]
[-0.34063555]
[0.34041001]
[0.34041001]
[-0.34091698]
[0.34092792]
[0.34091219]
[0.34091219]
[-0.34092786]
[0.34092828]
[-0.34092829]
[0.34092773]
[0.34092773]
[-0.34092828]
[0.34092829]
[-0.34092829]
[0.34092829]
[0.84144148]
[0.84144148]
[0.84144148]
[0.84144148]
[1.76772157]
[1.76772157]
[1.76772157]
[0.36222192]
[0.36222192]
[-0.34189903]
[0.68282757]
[0.68282757]
[0.68282757]
[0.34369847]
[0.34369847]
[-0.34116002]
[0.34115244]
[0.34115244]
[-0.34093799]
[0.34092849]
[0.31672959]
[0.31672959]
[0.31672959]
[0.34244065]
[0.34244065]
[-0.34101606]
[0.34100238]
[0.34100238]
[-0.34093112]
[0.34092837]
[0.34093138]
[0.34093138]
[-0.34092839]
[0.34092829]
[-0.34092829]
[0.34272183]
[0.34272183]
[0.34272183]
[0.34135979]
[0.34135979]
[-0.34095624]
[0.34095372]
[0.34095372]
[-0.34092919]
[0.34092831]
[0.34092927]
[0.34092927]
[-0.34092832]
[0.34092829]
[-0.34092829]
[0.34092833]
[0.34092833]
[-0.34092829]
[0.34092829]
[-0.34092829]
[0.34092829]
[0.34022717]
[0.34022717]
[0.34022717]
[0.34110396]
[0.34110396]
[-0.34093693]
[0.34093626]
[0.34093626]
[-0.34092857]
[0.3409283]
[0.3409286]
[0.3409286]
[-0.3409283]
[0.34092829]
[-0.34092829]
[0.3409283]
[0.3409283]
[-0.34092829]
[0.34092829]
[-0.34092829]
[0.34092829]
[0.34092829]
[0.34092829]
[-0.34092829]
[0.34092829]
[-0.34092829]
[0.34092829]
[-0.34092829]
[-0.15217192]
[-0.15217192]
[-0.15217192]
[-0.15217192]
[-0.15217192]
[-0.15217192]
[0.14875317]
[0.14875317]
[0.14875317]
[0.14875317]
[0.14875317]
[0.51000476]
[0.51000476]
[0.51000476]
[0.51000476]
[-0.12281847]
[-0.12281847]
[-0.12281847]
[0.33717844]
[0.33717844]
[-0.34192384]
[0.00354325]
[0.00354325]
[0.00354325]
[0.00354325]
[0.00354325]
[-0.35336323]
[-0.35336323]
[-0.35336323]
[-0.35336323]
[3.41349216]
[3.41349216]
[3.41349216]
[0.11536288]
[0.11536288]
[-0.34303871]
[0.80257449]
[0.80257449]
[0.80257449]
[0.80257449]
[1.17710226]
[1.17710226]
[1.17710226]
[0.33833996]
[0.33833996]
[-0.34194095]
[0.32019432]
[0.32019432]
[0.32019432]
[0.34214396]
[0.34214396]
[-0.3411453]
[0.34111184]
[0.34111184]
[-0.34093689]
[0.34092845]
[-0.49127991]
[-0.49127991]
[-0.49127991]
[-0.49127991]
[-0.49127991]
[0.24849785]
[0.24849785]
[0.24849785]
[0.24849785]
[0.54188023]
[0.54188023]
[0.54188023]
[-0.26478494]
[-0.26478494]
[-0.36910995]
[-0.47357162]
[-0.47357162]
[-0.47357162]
[-0.47357162]
[0.38297292]
[0.38297292]
[0.38297292]
[0.05385644]
[0.05385644]
[-0.34067116]
[-2.67759031]
[-2.67759031]
[-2.67759031]
[0.26969389]
[0.26969389]
[-0.33796104]
[0.33611162]
[0.33611162]
[-0.34084932]
[0.34092414]
[0.89639525]
[0.89639525]
[0.89639525]
[0.89639525]
[2.19931775]
[2.19931775]
[2.19931775]
[0.34039079]
[0.34039079]
[-0.34195359]
[0.36640121]
[0.36640121]
[0.36640121]
[0.34249463]
[0.34249463]
[-0.34115386]
[0.34112441]
[0.34112441]
[-0.34093724]
[0.34092847]
[0.29871664]
[0.29871664]
[0.29871664]
[0.3421969]
[0.3421969]
[-0.34100989]
[0.34099405]
[0.34099405]
[-0.34093086]
[0.34092836]
[0.34093107]
[0.34093107]
[-0.34092838]
[0.34092829]
[-0.34092829]
[-0.04002041]
[-0.04002041]
[-0.04002041]
[-0.04002041]
[-0.04002041]
[-0.25242123]
[-0.25242123]
[-0.25242123]
[-0.25242123]
[-0.38360696]
[-0.38360696]
[-0.38360696]
[-0.38266986]
[-0.38266986]
[-0.69573013]
[0.27885229]
[0.27885229]
[0.27885229]
[0.27885229]
[0.50260364]
[0.50260364]
[0.50260364]
[0.65509442]
[0.65509442]
[-0.39605171]
[0.95872151]
[0.95872151]
[0.95872151]
[-3.43778877]
[-3.43778877]
[-0.34736501]
[0.34170135]
[0.34170135]
[-0.34235884]
[0.3409451]
[-0.47818847]
[-0.47818847]
[-0.47818847]
[-0.47818847]
[-0.42194178]
[-0.42194178]
[-0.42194178]
[-0.89452687]
[-0.89452687]
[-0.3365739]
[-1.46555026]
[-1.46555026]
[-1.46555026]
[0.26035537]
[0.26035537]
[-0.3377298]
[0.33590589]
[0.33590589]
[-0.34084307]
[0.340924]
[-0.35584169]
[-0.35584169]
[-0.35584169]
[0.28660805]
[0.28660805]
[-0.34020201]
[0.3395113]
[0.3395113]
[-0.3408928]
[0.34092725]
[0.3408778]
[0.3408778]
[-0.34092705]
[0.34092825]
[-0.34092829]
[0.89161766]
[0.89161766]
[0.89161766]
[0.89161766]
[2.07908583]
[2.07908583]
[2.07908583]
[0.34570063]
[0.34570063]
[-0.34195302]
[0.46319221]
[0.46319221]
[0.46319221]
[0.34295618]
[0.34295618]
[-0.3411598]
[0.34113778]
[0.34113778]
[-0.34093761]
[0.34092848]
[0.3052794]
[0.3052794]
[0.3052794]
[0.34231105]
[0.34231105]
[-0.34101308]
[0.3409981]
[0.3409981]
[-0.34093099]
[0.34092836]
[0.34093122]
[0.34093122]
[-0.34092838]
[0.34092829]
[-0.34092829]
[0.34139783]
[0.34139783]
[0.34139783]
[0.341323]
[0.341323]
[-0.34095509]
[0.34095236]
[0.34095236]
[-0.34092915]
[0.34092831]
[0.34092922]
[0.34092922]
[-0.34092832]
[0.34092829]
[-0.34092829]
[0.34092832]
[0.34092832]
[-0.34092829]
[0.34092829]
[-0.34092829]
[0.34092829]
[-0.1122335]
[-0.1122335]
[-0.1122335]
[-0.1122335]
[-0.1122335]
[0.04601723]
[0.04601723]
[0.04601723]
[0.04601723]
[0.06363978]
[0.06363978]
[0.06363978]
[0.24127906]
[0.24127906]
[-16.16969627]
[-0.17028577]
[-0.17028577]
[-0.17028577]
[-0.17028577]
[-0.26481955]
[-0.26481955]
[-0.26481955]
[-0.46051863]
[-0.46051863]
[4.98562844]
[-0.34798676]
[-0.34798676]
[-0.34798676]
[-0.10863883]
[-0.10863883]
[-0.00905434]
[1.07078364]
[1.07078364]
[-0.3409007]
[0.34011394]
[0.25890805]
[0.25890805]
[0.25890805]
[0.25890805]
[0.43492614]
[0.43492614]
[0.43492614]
[0.85382881]
[0.85382881]
[-0.43923889]
[0.78322235]
[0.78322235]
[0.78322235]
[0.2077722]
[0.2077722]
[-0.34578256]
[0.34782384]
[0.34782384]
[-0.34241573]
[0.3409479]
[-0.88919508]
[-0.88919508]
[-0.88919508]
[0.29808596]
[0.29808596]
[-0.35271207]
[0.34647432]
[0.34647432]
[-0.34134761]
[0.34094052]
[0.3413411]
[0.3413411]
[-0.34094392]
[0.34092867]
[-0.3409283]
[-0.44796109]
[-0.44796109]
[-0.44796109]
[-0.44796109]
[-0.60122047]
[-0.60122047]
[-0.60122047]
[-1.39905095]
[-1.39905095]
[-0.32905542]
[-1.08818149]
[-1.08818149]
[-1.08818149]
[0.24044951]
[0.24044951]
[-0.33739179]
[0.33565387]
[0.33565387]
[-0.34083623]
[0.34092386]
[-0.38468995]
[-0.38468995]
[-0.38468995]
[0.28454784]
[0.28454784]
[-0.34013657]
[0.33944127]
[0.33944127]
[-0.34089098]
[0.34092719]
[0.34087546]
[0.34087546]
[-0.34092699]
[0.34092825]
[-0.34092829]
[-0.29566485]
[-0.29566485]
[-0.29566485]
[0.32485664]
[0.32485664]
[-0.34063555]
[0.34041001]
[0.34041001]
[-0.34091698]
[0.34092792]
[0.34091219]
[0.34091219]
[-0.34092786]
[0.34092828]
[-0.34092829]
[0.34092773]
[0.34092773]
[-0.34092828]
[0.34092829]
[-0.34092829]
[0.34092829]
[0.84144148]
[0.84144148]
[0.84144148]
[0.84144148]
[1.76772157]
[1.76772157]
[1.76772157]
[0.36222192]
[0.36222192]
[-0.34189903]
[0.68282757]
[0.68282757]
[0.68282757]
[0.34369847]
[0.34369847]
[-0.34116002]
[0.34115244]
[0.34115244]
[-0.34093799]
[0.34092849]
[0.31672959]
[0.31672959]
[0.31672959]
[0.34244065]
[0.34244065]
[-0.34101606]
[0.34100238]
[0.34100238]
[-0.34093112]
[0.34092837]
[0.34093138]
[0.34093138]
[-0.34092839]
[0.34092829]
[-0.34092829]
[0.34272183]
[0.34272183]
[0.34272183]
[0.34135979]
[0.34135979]
[-0.34095624]
[0.34095372]
[0.34095372]
[-0.34092919]
[0.34092831]
[0.34092927]
[0.34092927]
[-0.34092832]
[0.34092829]
[-0.34092829]
[0.34092833]
[0.34092833]
[-0.34092829]
[0.34092829]
[-0.34092829]
[0.34092829]
[0.34022717]
[0.34022717]
[0.34022717]
[0.34110396]
[0.34110396]
[-0.34093693]
[0.34093626]
[0.34093626]
[-0.34092857]
[0.3409283]
[0.3409286]
[0.3409286]
[-0.3409283]
[0.34092829]
[-0.34092829]
[0.3409283]
[0.3409283]
[-0.34092829]
[0.34092829]
[-0.34092829]
[0.34092829]
[0.34092829]
[0.34092829]
[-0.34092829]
[0.34092829]
[-0.34092829]
[0.34092829]
[-0.34092829]
[-0.00475121]
[-0.00475121]
[-0.00475121]
[-0.00475121]
[-0.00475121]
[-0.05870089]
[-0.05870089]
[-0.05870089]
[-0.05870089]
[-0.09715385]
[-0.09715385]
[-0.09715385]
[-0.14844893]
[-0.14844893]
[-11.06443507]
[0.0620818]
[0.0620818]
[0.0620818]
[0.0620818]
[0.09342055]
[0.09342055]
[0.09342055]
[0.23512833]
[0.23512833]
[-5.83310445]
[0.14648852]
[0.14648852]
[0.14648852]
[0.34548585]
[0.34548585]
[18.88094966]
[0.54075173]
[0.54075173]
[-0.20432029]
[0.33848933]
[-0.13487919]
[-0.13487919]
[-0.13487919]
[-0.13487919]
[-0.20940762]
[-0.20940762]
[-0.20940762]
[-0.44470504]
[-0.44470504]
[7.7805932]
[-0.31119903]
[-0.31119903]
[-0.31119903]
[-0.5345089]
[-0.5345089]
[0.12580016]
[-1.14054601]
[-1.14054601]
[-0.33919388]
[0.34009824]
[-0.22878146]
[-0.22878146]
[-0.22878146]
[-0.75055946]
[-0.75055946]
[-0.30719639]
[0.23661197]
[0.23661197]
[-0.33588533]
[0.34077397]
[0.33331241]
[0.33331241]
[-0.34074497]
[0.34092111]
[-0.34092814]
[0.23090472]
[0.23090472]
[0.23090472]
[0.23090472]
[0.3736316]
[0.3736316]
[0.3736316]
[0.84536503]
[0.84536503]
[-0.51670411]
[0.64215358]
[0.64215358]
[0.64215358]
[1.07711615]
[1.07711615]
[-0.33971801]
[0.36346542]
[0.36346542]
[-0.34247719]
[0.34095135]
[0.5378044]
[0.5378044]
[0.5378044]
[0.39076154]
[0.39076154]
[-0.35287778]
[0.34735908]
[0.34735908]
[-0.34136879]
[0.34094112]
[0.341367]
[0.341367]
[-0.34094464]
[0.34092869]
[-0.3409283]
[-2.8619063]
[-2.8619063]
[-2.8619063]
[0.32908477]
[0.32908477]
[-0.34553952]
[0.34427328]
[0.34427328]
[-0.34107752]
[0.34093197]
[0.34107442]
[0.34107442]
[-0.34093329]
[0.34092843]
[-0.34092829]
[0.34093404]
[0.34093404]
[-0.34092847]
[0.3409283]
[-0.34092829]
[0.34092829]
[-0.40860179]
[-0.40860179]
[-0.40860179]
[-0.40860179]
[-0.60498087]
[-0.60498087]
[-0.60498087]
[-1.49535169]
[-1.49535169]
[-0.31418654]
[-0.94047261]
[-0.94047261]
[-0.94047261]
[0.18432291]
[0.18432291]
[-0.3368498]
[0.33526371]
[0.33526371]
[-0.34082852]
[0.34092373]
[-2.70819098]
[-2.70819098]
[-2.70819098]
[0.281928]
[0.281928]
[-0.34005482]
[0.33936604]
[0.33936604]
[-0.34088905]
[0.34092714]
[0.34087301]
[0.34087301]
[-0.34092692]
[0.34092825]
[-0.34092829]
[-0.30121909]
[-0.30121909]
[-0.30121909]
[0.32418581]
[0.32418581]
[-0.34061716]
[0.34038741]
[0.34038741]
[-0.34091636]
[0.3409279]
[0.34091141]
[0.34091141]
[-0.34092784]
[0.34092828]
[-0.34092829]
[0.34092771]
[0.34092771]
[-0.34092827]
[0.34092829]
[-0.34092829]
[0.34092829]
[0.14294248]
[0.14294248]
[0.14294248]
[0.33508029]
[0.33508029]
[-0.34083247]
[0.34076514]
[0.34076514]
[-0.34092441]
[0.34092817]
[0.34092289]
[0.34092289]
[-0.34092815]
[0.34092829]
[-0.34092829]
[0.34092811]
[0.34092811]
[-0.34092829]
[0.34092829]
[-0.34092829]
[0.34092829]
[0.34092828]
[0.34092828]
[-0.34092829]
[0.34092829]
[-0.34092829]
[0.34092829]
[-0.34092829]
[0.77312556]
[0.77312556]
[0.77312556]
[0.77312556]
[1.48224377]
[1.48224377]
[1.48224377]
[0.4158878]
[0.4158878]
[-0.34176937]
[5.94258924]
[5.94258924]
[5.94258924]
[0.34522192]
[0.34522192]
[-0.34114448]
[0.34116992]
[0.34116992]
[-0.34093838]
[0.34092851]
[0.33883639]
[0.33883639]
[0.33883639]
[0.3425994]
[0.3425994]
[-0.3410185]
[0.34100694]
[0.34100694]
[-0.34093125]
[0.34092837]
[0.34093154]
[0.34093154]
[-0.34092839]
[0.34092829]
[-0.34092829]
[0.34462715]
[0.34462715]
[0.34462715]
[0.34139952]
[0.34139952]
[-0.34095739]
[0.34095515]
[0.34095515]
[-0.34092923]
[0.34092832]
[0.34092932]
[0.34092932]
[-0.34092832]
[0.34092829]
[-0.34092829]
[0.34092833]
[0.34092833]
[-0.34092829]
[0.34092829]
[-0.34092829]
[0.34092829]
[0.34057861]
[0.34057861]
[0.34057861]
[0.34111612]
[0.34111612]
[-0.34093732]
[0.34093671]
[0.34093671]
[-0.34092859]
[0.3409283]
[0.34092862]
[0.34092862]
[-0.3409283]
[0.34092829]
[-0.34092829]
[0.3409283]
[0.3409283]
[-0.34092829]
[0.34092829]
[-0.34092829]
[0.34092829]
[0.34092829]
[0.34092829]
[-0.34092829]
[0.34092829]
[-0.34092829]
[0.34092829]
[-0.34092829]
[0.34147421]
[0.34147421]
[0.34147421]
[0.34098668]
[0.34098668]
[-0.34093113]
[0.34093105]
[0.34093105]
[-0.34092838]
[0.34092829]
[0.34092839]
[0.34092839]
[-0.34092829]
[0.34092829]
[-0.34092829]
[0.34092829]
[0.34092829]
[-0.34092829]
[0.34092829]
[-0.34092829]
[0.34092829]
[0.34092829]
[0.34092829]
[-0.34092829]
[0.34092829]
[-0.34092829]
[0.34092829]
[-0.34092829]
[0.34092829]
[0.34092829]
[-0.34092829]
[0.34092829]
[-0.34092829]
[0.34092829]
[-0.34092829]
[0.34092829]
